115
589
2217
108
3445
3665
6
974
1513
159
0
152
2208
1599
6354
6464
4177
3918
5024
54
160
2352
400
5356
4729
906
3686
0
0
329
2097
5723
695
498
0
221
242
381
4692
0
6463
3331
3005
4048
0
3706
66
4851
1602
465
6115
0
6071
48
0
667
160
23
0
2680
0
3330
0
0
0
877
1162
5011
4242
2919
0
3718
3813
1599
6231
4055
3993
0
0
812
1122
40
5111
0
0
0
6455
0
5000
4629
271
1601
1153
0
1533
1629
4821
0
0
2632
200
456
4532
0
4324
3575
1592
4866
0
2540
588
0
1657
372
1602
0
6604
0
0
6100
2369
4011
6
4193
845
594
6737
0
5598
954
3897
0
3637
4429
138
0
0
265
343
1304
0
5346
0
6539
1600
0
3784
799
2885
6330
5681
6111
0
91
1041
3161
0
4982
5350
0
0
0
6021
4542
0
3512
0
1420
5772
0
0
46
0
6225
5882
47
6288
1223
2735
26
0
84
5891
0
0
3853
0
0
4957
825
5131
247
0
0
0
0
4971
0
1934
641
4453
147
30
0
6103
3281
0
4952
3350
0
159
189
1601
4106
4967
2317
2845
3406
0
4698
4563
3042
0
0
620
3016
0
0
6543
0
4233
576
0
4013
32
4264
4903
3729
0
6331
2617
5305
6496
3759
14
6110
1089
5606
0
2286
1480
5557
884
0
772
0
5248
1644
58
159
4933
0
6562
0
0
4373
1819
0
0
0
2
4676
3788
0
87
6507
3086
0
4407
4108
4289
3735
107
670
5772
1761
6552
0
5068
4088
0
0
117
4303
907
6065
2408
0
4859
3094
4513
0
0
25
1276
359
5298
0
0
0
5430
5237
255
4558
2119
0
3971
1395
276
0
3348
0
0
270
449
1142
0
0
0
3849
0
705
0
5398
5567
5364
761
561
6656
0
656
2693
1333
4176
6382
3777
867
0
479
4989
0
5258
4004
2467
0
0
0
5958
4487
0
3488
2990
3363
0
1600
3961
6024
0
0
5670
4733
3319
0
0
104
3913
1472
74
2768
0
955
6552
1599
1436
0
4039
3595
4
0
3919
3741
0
4996
3123
0
795
6982
2605
3786
3341
3284
4443
1509
0
6075
2954
0
4432
4588
5630
5526
44
0
1599
160
3416
2215
3814
0
3993
5850
5149
4758
2857
0
3832
1964
295
3043
0
0
140
6456
4703
2288
0
4162
6736
0
5990
4801
1444
297
3105
5513
2504
1027
508
5775
0
3583
4546
15
4880
149
5122
6216
1104
3475
0
1028
1397
6428
0
1602
1794
4078
582
4678
6820
5111
0
0
0
4054
0
0
1392
693
1599
1977
0
0
5799
6062
0
5128
0
4672
1340
107
4412
4515
0
3979
6122
881
5927
2125
918
