-3.605709e+01 -1.835808e+01 -3.379918e+01 -1.640669e+01
-3.863511e+01 -2.588613e+00 -3.637720e+01 -6.372224e-01
-3.283010e+01 -2.603999e+01 -3.057218e+01 -2.408860e+01
-5.886046e+01 -3.767661e+00 -5.660254e+01 -1.816270e+00
-6.145471e+01 -1.212975e+01 -5.919680e+01 -1.017836e+01
-5.244011e+01 -9.206525e+00 -5.018219e+01 -7.255135e+00
-5.752550e+01 -1.371307e+01 -5.526759e+01 -1.176168e+01
-3.099747e+01 2.007109e+00 -2.873955e+01 3.958500e+00
-4.529088e+01 -5.755451e+00 -4.303297e+01 -3.804061e+00
-6.760402e+01 -1.006131e+01 -6.534610e+01 -8.109924e+00
-7.326244e+01 -2.427064e+01 -7.100453e+01 -2.231925e+01
-6.780141e+01 -2.364722e+00 -6.554349e+01 -4.133307e-01
-6.692319e+01 -1.810200e+01 -6.466527e+01 -1.615061e+01
-6.813743e+01 -2.950341e+01 -6.587952e+01 -2.755202e+01
-2.888881e+01 -2.523189e+01 -2.663089e+01 -2.328050e+01
-5.083539e+01 -1.001266e+00 -4.857748e+01 9.501248e-01
-4.633277e+01 -2.219652e+01 -4.407486e+01 -2.024513e+01
-4.520777e+01 -1.328820e+01 -4.294985e+01 -1.133681e+01
-5.170918e+01 4.215301e+00 -4.945126e+01 6.166692e+00
-6.078899e+01 -3.645578e+00 -5.853107e+01 -1.694187e+00
-5.021164e+01 -3.701928e+00 -4.795372e+01 -1.750538e+00
-5.592490e+01 1.044464e+00 -5.366699e+01 2.995854e+00
-6.120454e+01 -1.999430e+01 -5.894662e+01 -1.804291e+01
-3.752308e+01 2.117612e+00 -3.526516e+01 4.069003e+00
-7.084852e+01 3.300179e+00 -6.859061e+01 5.251569e+00
-5.024549e+01 -3.039141e+01 -4.798757e+01 -2.844002e+01
-6.531850e+01 -7.865686e+00 -6.306058e+01 -5.914295e+00
-3.379715e+01 -2.013346e+01 -3.153924e+01 -1.818206e+01
-7.110068e+01 -3.296853e+01 -6.884277e+01 -3.101714e+01
-5.332951e+01 -3.128749e+01 -5.107160e+01 -2.933610e+01
-6.323823e+01 4.131747e+00 -6.098032e+01 6.083137e+00
-3.325636e+01 -5.404430e-01 -3.099844e+01 1.410948e+00
-6.195638e+01 -1.268432e+01 -5.969846e+01 -1.073293e+01
-5.705484e+01 -4.079136e+00 -5.479692e+01 -2.127745e+00
-5.085332e+01 -7.690184e+00 -4.859540e+01 -5.738793e+00
-4.999210e+01 -3.221696e+01 -4.773419e+01 -3.026557e+01
-5.423558e+01 2.617503e+00 -5.197766e+01 4.568894e+00
-3.196475e+01 -5.612789e+00 -2.970684e+01 -3.661398e+00
-6.116034e+01 -4.926603e+00 -5.890243e+01 -2.975212e+00
-4.509819e+01 -1.993224e+01 -4.284027e+01 -1.798085e+01
-4.293589e+01 -2.727238e+01 -4.067798e+01 -2.532098e+01
-5.412417e+01 5.974305e-01 -5.186626e+01 2.548821e+00
-3.655323e+01 -2.085765e+01 -3.429532e+01 -1.890626e+01
-6.365874e+01 1.116390e+00 -6.140082e+01 3.067781e+00
-5.817688e+01 -6.950757e+00 -5.591896e+01 -4.999366e+00
-3.080606e+01 -1.077665e+01 -2.854815e+01 -8.825255e+00
-4.431581e+01 -2.377222e-01 -4.205790e+01 1.713669e+00
-5.414877e+01 2.310539e+00 -5.189085e+01 4.261930e+00
-5.600582e+01 -1.951411e+00 -5.374791e+01 -2.057885e-05
-4.310040e+01 1.803265e+00 -4.084248e+01 3.754656e+00
-5.221009e+01 -2.532681e+01 -4.995217e+01 -2.337542e+01
-3.108676e+01 2.160612e+00 -2.882884e+01 4.112003e+00
-6.733047e+01 6.359484e-01 -6.507256e+01 2.587339e+00
-4.504843e+01 -1.689179e+01 -4.279052e+01 -1.494039e+01
-4.601862e+01 -2.278085e+01 -4.376071e+01 -2.082946e+01
-3.850402e+01 -2.175058e+01 -3.624611e+01 -1.979918e+01
-5.381127e+01 -2.492554e+01 -5.155335e+01 -2.297415e+01
-6.552987e+01 -2.296915e+01 -6.327196e+01 -2.101776e+01
-4.887049e+01 -1.749485e+01 -4.661258e+01 -1.554346e+01
-6.633938e+01 1.640593e+00 -6.408147e+01 3.591984e+00
-6.933951e+01 -2.882954e+01 -6.708160e+01 -2.687815e+01
-5.162513e+01 -4.070297e+00 -4.936722e+01 -2.118906e+00
-2.952883e+01 2.741180e+00 -2.727091e+01 4.692571e+00
-4.309017e+01 -1.879498e+01 -4.083225e+01 -1.684359e+01
-4.014016e+01 -1.936185e+01 -3.788225e+01 -1.741046e+01
-6.071477e+01 -2.468532e+01 -5.845685e+01 -2.273393e+01
-4.760404e+01 -2.421109e+01 -4.534612e+01 -2.225970e+01
-6.711689e+01 -5.175826e+00 -6.485897e+01 -3.224436e+00
-6.833232e+01 -2.782568e+00 -6.607440e+01 -8.311768e-01
-6.658799e+01 -4.671475e+00 -6.433007e+01 -2.720084e+00
-7.063291e+01 3.330502e+00 -6.837500e+01 5.281892e+00
-7.162642e+01 -1.339450e+01 -6.936850e+01 -1.144311e+01
-6.604118e+01 -2.438087e+01 -6.378326e+01 -2.242948e+01
-3.797134e+01 -5.156082e+00 -3.571342e+01 -3.204692e+00
-4.434925e+01 4.005726e+00 -4.209133e+01 5.957117e+00
-4.512169e+01 -4.099192e+00 -4.286378e+01 -2.147802e+00
-6.977713e+01 -2.848504e+01 -6.751922e+01 -2.653365e+01
-5.050674e+01 -3.069676e+01 -4.824883e+01 -2.874536e+01
-7.084170e+01 -2.576274e+01 -6.858378e+01 -2.381135e+01
-5.316158e+01 -1.759770e+00 -5.090367e+01 1.916210e-01
-4.810845e+01 -4.261314e+00 -4.585053e+01 -2.309923e+00
-7.165308e+01 -2.759112e+01 -6.939517e+01 -2.563973e+01
-2.884053e+01 -2.577549e+01 -2.658262e+01 -2.382409e+01
-3.380966e+01 -2.885322e+01 -3.155174e+01 -2.690183e+01
-2.893963e+01 -3.164024e+01 -2.668172e+01 -2.968884e+01
-3.468644e+01 -3.092715e+01 -3.242853e+01 -2.897576e+01
-7.381062e+01 2.275388e+00 -7.155270e+01 4.226779e+00
-4.717938e+01 -2.671045e+01 -4.492147e+01 -2.475906e+01
-6.663181e+01 -1.846317e+01 -6.437389e+01 -1.651178e+01
-3.276781e+01 -1.759072e+00 -3.050989e+01 1.923185e-01
-5.778241e+01 -1.218770e+01 -5.552450e+01 -1.023631e+01
-4.783247e+01 -1.608694e+01 -4.557456e+01 -1.413555e+01
-4.295730e+01 -2.986125e+01 -4.069938e+01 -2.790986e+01
-5.002816e+01 -4.194460e+00 -4.777024e+01 -2.243069e+00
-6.025710e+01 4.974526e+00 -5.799918e+01 6.925917e+00
-4.794351e+01 5.013652e-01 -4.568559e+01 2.452756e+00
-4.022875e+01 -9.205003e+00 -3.797083e+01 -7.253612e+00
-7.239900e+01 -4.564871e+00 -7.014109e+01 -2.613480e+00
-3.637091e+01 2.365442e+00 -3.411299e+01 4.316833e+00
-3.456309e+01 -1.316404e+00 -3.230518e+01 6.349872e-01
-2.976896e+01 -4.720657e+00 -2.751104e+01 -2.769266e+00
-3.320405e+01 4.637610e+00 -3.094614e+01 6.589001e+00
-4.388336e+01 -1.434307e+01 -4.162545e+01 -1.239168e+01
-6.659403e+01 -1.356435e+00 -6.433612e+01 5.949561e-01
-3.385513e+01 -3.074505e+01 -3.159721e+01 -2.879366e+01
-4.465888e+01 -2.406936e+01 -4.240097e+01 -2.211797e+01
-4.557231e+01 -2.480727e+01 -4.331440e+01 -2.285588e+01
-4.235974e+01 -2.138335e+01 -4.010182e+01 -1.943196e+01
-5.915154e+01 -2.471786e+01 -5.689362e+01 -2.276647e+01
-7.064957e+01 -9.042559e+00 -6.839165e+01 -7.091168e+00
-6.389861e+01 -8.337721e+00 -6.164069e+01 -6.386330e+00
-5.093684e+01 4.164201e+00 -4.867892e+01 6.115592e+00
-6.135233e+01 -1.243663e+01 -5.909441e+01 -1.048523e+01
-4.151760e+01 -2.932889e+01 -3.925968e+01 -2.737750e+01
-5.270716e+01 -1.062445e+01 -5.044924e+01 -8.673054e+00
-3.135474e+01 -1.615166e+01 -2.909683e+01 -1.420027e+01
-5.880950e+01 -6.667117e-01 -5.655159e+01 1.284679e+00
-5.437666e+01 -3.362387e+01 -5.211875e+01 -3.167248e+01
-5.842151e+01 -1.039257e+01 -5.616359e+01 -8.441175e+00
-3.637069e+01 -2.462170e+01 -3.411278e+01 -2.267031e+01
-4.349520e+01 -1.490149e+01 -4.123728e+01 -1.295010e+01
-5.223514e+01 -2.184823e+01 -4.997723e+01 -1.989684e+01
-4.184189e+01 -2.662523e+01 -3.958398e+01 -2.467384e+01
-4.591808e+01 -3.215514e+01 -4.366017e+01 -3.020375e+01
-5.530374e+01 -6.587257e+00 -5.304583e+01 -4.635866e+00
-4.356472e+01 -8.864282e+00 -4.130680e+01 -6.912891e+00
-5.832338e+01 -2.654457e+01 -5.606547e+01 -2.459318e+01
-4.649236e+01 -9.273382e+00 -4.423444e+01 -7.321991e+00
-4.100005e+01 -2.093425e+01 -3.874213e+01 -1.898286e+01
-4.056160e+01 -2.585806e+01 -3.830369e+01 -2.390667e+01
-3.241161e+01 -7.025432e+00 -3.015370e+01 -5.074041e+00
-4.450429e+01 -2.370947e+01 -4.224637e+01 -2.175808e+01
-4.995442e+01 -3.032945e+01 -4.769650e+01 -2.837805e+01
-6.223495e+01 4.923946e-01 -5.997703e+01 2.443785e+00
-4.301431e+01 -3.009151e+01 -4.075639e+01 -2.814012e+01
-6.897353e+01 -1.963749e+01 -6.671562e+01 -1.768610e+01
-4.795618e+01 -1.059824e+01 -4.569827e+01 -8.646846e+00
-4.389798e+01 -2.247962e+01 -4.164007e+01 -2.052823e+01
-3.896621e+01 -2.249517e+01 -3.670830e+01 -2.054378e+01
-5.911247e+01 -2.634442e+01 -5.685456e+01 -2.439303e+01
-2.954637e+01 -3.361032e+01 -2.728846e+01 -3.165893e+01
-3.663497e+01 -2.081308e+01 -3.437705e+01 -1.886169e+01
-6.549971e+01 -1.671446e+01 -6.324179e+01 -1.476307e+01
-3.070813e+01 2.113862e+00 -2.845021e+01 4.065253e+00
-3.945825e+01 -6.466598e+00 -3.720033e+01 -4.515207e+00
-6.852793e+01 -6.985262e+00 -6.627002e+01 -5.033872e+00
-5.666535e+01 -3.531781e+00 -5.440743e+01 -1.580390e+00
-3.141195e+01 2.010147e+00 -2.915403e+01 3.961538e+00
-3.507583e+01 -2.580594e+01 -3.281791e+01 -2.385455e+01
-3.815835e+01 -1.236110e+01 -3.590043e+01 -1.040971e+01
-6.057351e+01 1.567554e+00 -5.831559e+01 3.518945e+00
-3.292061e+01 3.595065e-01 -3.066270e+01 2.310897e+00
-5.150321e+01 -1.126217e+01 -4.924530e+01 -9.310783e+00
-6.664873e+01 -2.305983e+01 -6.439082e+01 -2.110844e+01
-3.495563e+01 -1.453273e+01 -3.269771e+01 -1.258134e+01
-5.306035e+01 -6.176254e-01 -5.080244e+01 1.333765e+00
-5.160105e+01 -2.239081e+01 -4.934313e+01 -2.043942e+01
-6.585103e+01 -7.047994e+00 -6.359312e+01 -5.096603e+00
-4.114361e+01 -2.832285e+01 -3.888569e+01 -2.637146e+01
-4.676318e+01 -1.453184e+01 -4.450526e+01 -1.258045e+01
-3.614985e+01 -5.484011e+00 -3.389194e+01 -3.532620e+00
-6.595100e+01 -2.508715e+01 -6.369309e+01 -2.313576e+01
-5.148598e+01 -2.901752e+01 -4.922807e+01 -2.706613e+01
-6.775594e+01 -1.968270e+01 -6.549802e+01 -1.773131e+01
-5.933082e+01 2.619854e+00 -5.707290e+01 4.571245e+00
-3.297292e+01 -9.470957e+00 -3.071500e+01 -7.519566e+00
-3.620882e+01 -1.820250e+00 -3.395091e+01 1.311408e-01
-5.159667e+01 -2.067677e+01 -4.933875e+01 -1.872538e+01
-5.619140e+01 -8.037243e+00 -5.393349e+01 -6.085852e+00
-4.650243e+01 -2.364544e+01 -4.424451e+01 -2.169405e+01
-6.716926e+01 -3.091871e+01 -6.491135e+01 -2.896732e+01
-6.912830e+01 -8.490893e+00 -6.687039e+01 -6.539503e+00
-5.757907e+01 -2.249945e+01 -5.532115e+01 -2.054806e+01
-5.903373e+01 -3.019265e+01 -5.677581e+01 -2.824126e+01
-5.470115e+01 2.721301e+00 -5.244324e+01 4.672692e+00
-4.764550e+01 -2.338961e+01 -4.538759e+01 -2.143822e+01
-4.425067e+01 -4.019460e+00 -4.199275e+01 -2.068069e+00
-5.198718e+01 -2.761200e+01 -4.972926e+01 -2.566061e+01
-3.412211e+01 -9.331633e+00 -3.186419e+01 -7.380242e+00
-5.061943e+01 -2.563830e+01 -4.836151e+01 -2.368691e+01
-4.882006e+01 -1.711635e+01 -4.656214e+01 -1.516496e+01
-3.651991e+01 -1.835787e+01 -3.426199e+01 -1.640648e+01
-6.296516e+01 -2.102639e+01 -6.070724e+01 -1.907500e+01
-4.106188e+01 -8.824708e+00 -3.880397e+01 -6.873317e+00
-2.952463e+01 -2.054910e+01 -2.726672e+01 -1.859771e+01
-3.346625e+01 -2.843929e+01 -3.120833e+01 -2.648790e+01
-5.544806e+01 -3.353890e+01 -5.319015e+01 -3.158751e+01
-3.862686e+01 -3.527380e+00 -3.636894e+01 -1.575990e+00
-6.073655e+01 -2.927475e+01 -5.847863e+01 -2.732336e+01
-3.491246e+01 -5.610703e+00 -3.265455e+01 -3.659312e+00
-7.177846e+01 -1.622239e+01 -6.952054e+01 -1.427100e+01
-2.945136e+01 -6.121838e+00 -2.719345e+01 -4.170447e+00
-6.447543e+01 -1.525494e+01 -6.221752e+01 -1.330355e+01
-3.492843e+01 -3.008451e+01 -3.267051e+01 -2.813312e+01
-6.950262e+01 -1.880639e+01 -6.724471e+01 -1.685500e+01
-6.037144e+01 -8.104029e+00 -5.811352e+01 -6.152638e+00
-3.746117e+01 -2.860994e+01 -3.520326e+01 -2.665855e+01
-7.167252e+01 -3.166503e+01 -6.941461e+01 -2.971364e+01
-5.332889e+01 -3.274398e+00 -5.107097e+01 -1.323007e+00
-4.274555e+01 -1.647782e+01 -4.048763e+01 -1.452643e+01
-6.861969e+01 -1.073775e+01 -6.636177e+01 -8.786360e+00
-4.786838e+01 -1.306918e+01 -4.561046e+01 -1.111778e+01
-4.712731e+01 -1.962516e+01 -4.486940e+01 -1.767377e+01
-6.025753e+01 9.349466e-01 -5.799962e+01 2.886337e+00
-5.247679e+01 -2.712227e+01 -5.021888e+01 -2.517088e+01
-4.646421e+01 -1.323122e+01 -4.420630e+01 -1.127983e+01
-4.604893e+01 -1.048175e+01 -4.379101e+01 -8.530357e+00
-6.344703e+01 -1.364378e+00 -6.118912e+01 5.870126e-01
-7.083340e+01 -2.989258e+01 -6.857548e+01 -2.794119e+01
-3.228456e+01 -2.712894e+01 -3.002665e+01 -2.517754e+01
-5.224429e+01 -2.494957e+01 -4.998637e+01 -2.299818e+01
-3.666304e+01 -2.239958e+01 -3.440513e+01 -2.044819e+01
-5.786832e+01 5.272764e-01 -5.561040e+01 2.478667e+00
-5.845276e+01 -1.945878e+00 -5.619484e+01 5.512363e-03
-4.423263e+01 -3.233221e+01 -4.197471e+01 -3.038081e+01
-6.237169e+01 -3.376300e+00 -6.011378e+01 -1.424909e+00
-4.573107e+01 -1.118681e+00 -4.347315e+01 8.327101e-01
-6.008272e+01 -2.512447e+01 -5.782481e+01 -2.317308e+01
-6.505628e+01 -9.847710e+00 -6.279836e+01 -7.896319e+00
-6.904321e+01 -7.421615e+00 -6.678529e+01 -5.470224e+00
-3.867291e+01 -5.670961e+00 -3.641499e+01 -3.719570e+00
-6.495098e+01 -1.809251e+01 -6.269306e+01 -1.614112e+01
-5.974397e+01 -1.681158e+01 -5.748605e+01 -1.486019e+01
-6.356716e+01 -1.869507e+01 -6.130925e+01 -1.674368e+01
-4.993613e+01 -2.771145e+01 -4.767821e+01 -2.576006e+01
-4.891773e+01 -3.318098e+01 -4.665981e+01 -3.122959e+01
-5.682870e+01 -1.883484e+01 -5.457078e+01 -1.688344e+01
-6.020684e+01 -4.970571e+00 -5.794893e+01 -3.019180e+00
-6.223730e+01 -8.395214e+00 -5.997939e+01 -6.443823e+00
-4.905688e+01 2.139640e+00 -4.679896e+01 4.091031e+00
-4.302057e+01 -2.145832e+00 -4.076265e+01 -1.944416e-01
-4.248490e+01 -2.157524e+01 -4.022699e+01 -1.962385e+01
-4.483129e+01 -3.351563e+01 -4.257338e+01 -3.156424e+01
-4.993099e+01 -8.140341e-01 -4.767307e+01 1.137357e+00
-4.607054e+01 -8.667098e+00 -4.381262e+01 -6.715708e+00
-5.058330e+01 -1.811119e+01 -4.832538e+01 -1.615979e+01
-5.764427e+01 -5.694166e+00 -5.538636e+01 -3.742775e+00
-3.778625e+01 -7.296448e+00 -3.552834e+01 -5.345057e+00
-6.709494e+01 -3.246626e+01 -6.483702e+01 -3.051487e+01
-7.112826e+01 -6.987760e+00 -6.887035e+01 -5.036369e+00
-6.552611e+01 -9.593392e+00 -6.326820e+01 -7.642001e+00
-4.237413e+01 -1.158878e+01 -4.011622e+01 -9.637386e+00
-7.394773e+01 -3.352717e+01 -7.168981e+01 -3.157578e+01
-6.021448e+01 -2.354147e+01 -5.795657e+01 -2.159008e+01
-4.440323e+01 -2.814769e-01 -4.214532e+01 1.669914e+00
-6.581762e+01 -2.042766e+01 -6.355970e+01 -1.847627e+01
-4.386258e+01 5.558347e-01 -4.160467e+01 2.507226e+00
-4.449640e+01 -2.152532e+01 -4.223849e+01 -1.957393e+01
-3.403280e+01 -2.648048e+01 -3.177489e+01 -2.452909e+01
-6.690241e+01 -1.410100e+01 -6.464450e+01 -1.214961e+01
-3.656424e+01 -7.380682e+00 -3.430632e+01 -5.429291e+00
-3.316776e+01 -2.629131e+01 -3.090984e+01 -2.433992e+01
-5.618264e+01 -6.193742e+00 -5.392472e+01 -4.242351e+00
-3.475941e+01 -1.238627e+01 -3.250150e+01 -1.043488e+01
-4.062839e+01 2.642853e+00 -3.837048e+01 4.594244e+00
-6.347130e+01 2.412246e+00 -6.121338e+01 4.363637e+00
-4.909632e+01 2.679361e+00 -4.683840e+01 4.630752e+00
-5.167197e+01 -1.218445e+01 -4.941406e+01 -1.023306e+01
-3.158906e+01 -2.541559e+00 -2.933115e+01 -5.901680e-01
-3.723342e+01 -1.054805e+01 -3.497551e+01 -8.596663e+00
-4.432047e+01 5.094399e+00 -4.206255e+01 7.045790e+00
-3.173707e+01 -2.108384e+01 -2.947915e+01 -1.913245e+01
-3.451622e+01 -1.075649e+01 -3.225830e+01 -8.805095e+00
-4.519789e+01 -4.115243e+00 -4.293998e+01 -2.163852e+00
-3.898183e+01 -2.726377e+00 -3.672391e+01 -7.749860e-01
-6.213164e+01 -1.016240e+01 -5.987373e+01 -8.211010e+00
-5.274867e+01 -2.723411e+01 -5.049075e+01 -2.528272e+01
-3.807555e+01 1.241393e-02 -3.581763e+01 1.963805e+00
-3.457438e+01 -7.819341e+00 -3.231647e+01 -5.867950e+00
-5.537153e+01 -9.865713e+00 -5.311362e+01 -7.914322e+00
-4.704360e+01 -8.553568e+00 -4.478568e+01 -6.602177e+00
-4.967825e+01 -2.796052e+01 -4.742033e+01 -2.600913e+01
-4.785092e+01 -3.246350e+01 -4.559300e+01 -3.051210e+01
-4.234662e+01 -1.352770e+01 -4.008871e+01 -1.157630e+01
-3.639933e+01 -1.364874e+01 -3.414142e+01 -1.169735e+01
-6.891156e+01 -1.463377e+01 -6.665364e+01 -1.268238e+01
-5.095205e+01 -3.185715e+01 -4.869414e+01 -2.990576e+01
-3.722382e+01 -1.873761e+01 -3.496590e+01 -1.678622e+01
-4.520307e+01 -1.610463e+01 -4.294515e+01 -1.415324e+01
-6.749657e+01 -1.762846e+01 -6.523865e+01 -1.567707e+01
-6.284298e+01 -1.787477e+01 -6.058506e+01 -1.592338e+01
-7.321024e+01 -5.743750e+00 -7.095232e+01 -3.792359e+00
-4.809027e+01 -2.022437e+00 -4.583236e+01 -7.104664e-02
-4.768561e+01 -1.631460e+01 -4.542769e+01 -1.436321e+01
-5.244172e+01 5.089127e+00 -5.018380e+01 7.040518e+00
-7.134671e+01 -3.085176e+01 -6.908879e+01 -2.890037e+01
-4.506263e+01 -1.043946e+01 -4.280471e+01 -8.488069e+00
-6.394620e+01 -2.517215e+01 -6.168829e+01 -2.322075e+01
-4.553783e+01 2.292701e+00 -4.327992e+01 4.244091e+00
-4.067449e+01 -1.568587e+01 -3.841658e+01 -1.373448e+01
-5.419384e+01 -5.534526e-01 -5.193593e+01 1.397938e+00
-3.097793e+01 3.283933e+00 -2.872002e+01 5.235324e+00
-3.339734e+01 -3.815116e+00 -3.113942e+01 -1.863725e+00
-5.893513e+01 -1.280210e+01 -5.667721e+01 -1.085071e+01
-6.410274e+01 -1.511220e+01 -6.184482e+01 -1.316081e+01
-3.110627e+01 -1.555644e+01 -2.884835e+01 -1.360505e+01
-3.406425e+01 4.000722e+00 -3.180634e+01 5.952113e+00
-6.570002e+01 -1.587372e+01 -6.344210e+01 -1.392233e+01
-3.876496e+01 -3.837208e+00 -3.650704e+01 -1.885817e+00
-3.314015e+01 -2.369699e+01 -3.088223e+01 -2.174560e+01
-3.960542e+01 3.853502e+00 -3.734750e+01 5.804893e+00
-5.901296e+01 -1.804602e+01 -5.675504e+01 -1.609463e+01
-4.867447e+01 -1.211108e+01 -4.641655e+01 -1.015969e+01
-4.590256e+01 -2.629459e+01 -4.364464e+01 -2.434320e+01
-5.241465e+01 -1.969587e+01 -5.015673e+01 -1.774448e+01
-4.447044e+01 2.019895e+00 -4.221252e+01 3.971285e+00
-6.448408e+01 -1.007797e+01 -6.222616e+01 -8.126577e+00
-3.491704e+01 -2.946560e+01 -3.265912e+01 -2.751421e+01
-5.712940e+01 -2.598334e+01 -5.487148e+01 -2.403195e+01
-4.480279e+01 -1.061851e+01 -4.254488e+01 -8.667123e+00
-4.344652e+01 -1.047612e+01 -4.118860e+01 -8.524726e+00
-7.134051e+01 -1.186038e+01 -6.908260e+01 -9.908993e+00
-4.854654e+01 -2.428083e+01 -4.628862e+01 -2.232944e+01
-7.314457e+01 -2.033061e+01 -7.088666e+01 -1.837922e+01
-7.358881e+01 2.299708e+00 -7.133089e+01 4.251099e+00
-4.683914e+01 -3.671797e+00 -4.458122e+01 -1.720406e+00
-3.393423e+01 2.673605e+00 -3.167632e+01 4.624996e+00
-6.618324e+01 -1.626624e+01 -6.392533e+01 -1.431485e+01
-5.197391e+01 -2.713844e+00 -4.971599e+01 -7.624536e-01
-4.514198e+01 3.938459e+00 -4.288406e+01 5.889850e+00
-6.698382e+01 -2.231916e+01 -6.472591e+01 -2.036777e+01
-3.415970e+01 -1.946471e+01 -3.190178e+01 -1.751332e+01
-3.338175e+01 -4.571315e+00 -3.112384e+01 -2.619924e+00
-5.251197e+01 -2.309589e+01 -5.025406e+01 -2.114450e+01
-3.124987e+01 -2.897588e+01 -2.899195e+01 -2.702448e+01
-3.490595e+01 -9.428066e+00 -3.264803e+01 -7.476675e+00
-4.154479e+01 2.332774e+00 -3.928688e+01 4.284165e+00
-6.568643e+01 -2.273307e+01 -6.342852e+01 -2.078167e+01
-6.644965e+01 -2.582824e+01 -6.419173e+01 -2.387685e+01
-4.572380e+01 -2.687177e+01 -4.346588e+01 -2.492038e+01
-6.827838e+01 -2.486913e+01 -6.602047e+01 -2.291774e+01
-3.123703e+01 -3.320882e+01 -2.897912e+01 -3.125742e+01
-6.673599e+01 -2.906706e+01 -6.447808e+01 -2.711567e+01
-5.314229e+01 -8.438684e+00 -5.088437e+01 -6.487293e+00
-3.266874e+01 -2.981376e+01 -3.041082e+01 -2.786237e+01
-4.626111e+01 -3.099630e+01 -4.400320e+01 -2.904491e+01
-5.621764e+01 -1.437537e+01 -5.395973e+01 -1.242398e+01
-5.428311e+01 -2.230791e+01 -5.202520e+01 -2.035652e+01
-6.297682e+01 1.858626e+00 -6.071890e+01 3.810017e+00
-4.843152e+01 -2.630702e+01 -4.617360e+01 -2.435563e+01
-7.243082e+01 -1.689608e+01 -7.017290e+01 -1.494468e+01
-3.724404e+01 -4.347103e+00 -3.498612e+01 -2.395713e+00
-5.790490e+01 5.198602e+00 -5.564698e+01 7.149993e+00
-7.238792e+01 -1.331703e+01 -7.013000e+01 -1.136564e+01
-6.492413e+01 -7.921704e+00 -6.266621e+01 -5.970313e+00
-4.239735e+01 -2.096384e+01 -4.013943e+01 -1.901245e+01
-3.383730e+01 -8.510234e+00 -3.157939e+01 -6.558843e+00
-5.857778e+01 -3.179204e+01 -5.631987e+01 -2.984065e+01
-3.937562e+01 -2.397762e+00 -3.711771e+01 -4.463715e-01
-4.244585e+01 -7.136068e+00 -4.018794e+01 -5.184677e+00
-3.316699e+01 -2.153663e+01 -3.090907e+01 -1.958524e+01
-4.001788e+01 -2.212230e+01 -3.775997e+01 -2.017091e+01
-3.744874e+01 -2.637124e+01 -3.519082e+01 -2.441985e+01
-4.730500e+01 -3.166436e+01 -4.504708e+01 -2.971297e+01
-6.941705e+01 -2.761188e+01 -6.715914e+01 -2.566049e+01
-6.297321e+01 -2.843555e+01 -6.071530e+01 -2.648416e+01
-4.739495e+01 -3.148433e+01 -4.513703e+01 -2.953294e+01
-3.382783e+01 3.150880e+00 -3.156992e+01 5.102271e+00
-7.146868e+01 2.359318e+00 -6.921077e+01 4.310708e+00
-5.281705e+01 -2.372104e+01 -5.055913e+01 -2.176965e+01
-4.749012e+01 -2.716064e+01 -4.523220e+01 -2.520925e+01
-4.759967e+01 -1.515890e+01 -4.534176e+01 -1.320751e+01
-3.716974e+01 2.392410e+00 -3.491182e+01 4.343801e+00
-5.022168e+01 -1.102603e+01 -4.796377e+01 -9.074642e+00
-4.106018e+01 -2.495953e+01 -3.880227e+01 -2.300814e+01
-6.206900e+01 -9.022552e+00 -5.981108e+01 -7.071161e+00
-4.969546e+01 -3.310015e+01 -4.743755e+01 -3.114876e+01
-3.193277e+01 -2.018602e+01 -2.967485e+01 -1.823463e+01
-6.470885e+01 -1.335293e+01 -6.245093e+01 -1.140154e+01
-5.589073e+01 -2.176187e+01 -5.363281e+01 -1.981048e+01
-4.329525e+01 -8.571814e+00 -4.103733e+01 -6.620424e+00
-5.397812e+01 -2.325063e+01 -5.172020e+01 -2.129924e+01
-4.224385e+01 -2.075793e+01 -3.998593e+01 -1.880654e+01
-6.431101e+01 -4.119737e+00 -6.205309e+01 -2.168346e+00
-6.234266e+01 -7.071584e+00 -6.008475e+01 -5.120193e+00
-7.326800e+01 -7.666837e-01 -7.101009e+01 1.184707e+00
-3.550510e+01 -1.030353e+01 -3.324719e+01 -8.352139e+00
-5.948117e+01 -7.680958e+00 -5.722325e+01 -5.729567e+00
-5.020779e+01 -6.543921e-01 -4.794987e+01 1.296999e+00
-6.269948e+01 -2.374997e+01 -6.044156e+01 -2.179858e+01
-7.069135e+01 -1.367477e+01 -6.843344e+01 -1.172338e+01
-3.381611e+01 -9.887951e+00 -3.155820e+01 -7.936560e+00
-5.001801e+01 -1.695237e+00 -4.776009e+01 2.561536e-01
-3.069368e+01 -4.996359e+00 -2.843576e+01 -3.044969e+00
-5.846592e+01 -1.970222e+01 -5.620801e+01 -1.775083e+01
-7.201541e+01 -3.281866e+01 -6.975749e+01 -3.086727e+01
-7.376932e+01 -1.473352e+01 -7.151140e+01 -1.278213e+01
-6.077233e+01 -6.108047e+00 -5.851442e+01 -4.156657e+00
-3.696213e+01 -1.394690e+01 -3.470422e+01 -1.199551e+01
-5.288836e+01 -3.069575e+01 -5.063044e+01 -2.874436e+01
-6.537406e+01 -1.487425e+01 -6.311614e+01 -1.292285e+01
-3.230024e+01 -3.205638e+01 -3.004232e+01 -3.010499e+01
-7.018669e+01 -2.419370e+01 -6.792878e+01 -2.224231e+01
-4.187497e+01 -9.894576e+00 -3.961705e+01 -7.943185e+00
-6.980522e+01 3.777805e+00 -6.754731e+01 5.729196e+00
-3.482511e+01 -2.726770e+01 -3.256720e+01 -2.531631e+01
-5.250557e+01 -4.194930e+00 -5.024766e+01 -2.243539e+00
-3.888774e+01 -3.347757e+01 -3.662982e+01 -3.152618e+01
-4.786938e+01 -5.007485e+00 -4.561147e+01 -3.056094e+00
-4.041309e+01 2.255987e+00 -3.815518e+01 4.207378e+00
-6.964510e+01 -3.010022e+00 -6.738719e+01 -1.058631e+00
-3.125914e+01 -2.978943e+01 -2.900122e+01 -2.783804e+01
-6.158469e+01 -2.440982e+01 -5.932677e+01 -2.245843e+01
-3.743194e+01 -3.004067e+01 -3.517402e+01 -2.808928e+01
-4.027747e+01 -2.293094e+01 -3.801956e+01 -2.097955e+01
-6.617259e+01 2.846941e+00 -6.391467e+01 4.798332e+00
-3.963931e+01 -2.997672e+01 -3.738139e+01 -2.802533e+01
-2.969334e+01 -7.608250e-01 -2.743543e+01 1.190566e+00
-5.857520e+01 -6.724648e+00 -5.631728e+01 -4.773257e+00
-5.338314e+01 -1.679638e+01 -5.112523e+01 -1.484498e+01
-4.446372e+01 -2.110563e+01 -4.220581e+01 -1.915424e+01
-4.688134e+01 -2.867731e+01 -4.462342e+01 -2.672591e+01
-7.032876e+01 -1.899758e+01 -6.807084e+01 -1.704619e+01
-6.781384e+01 -7.996402e+00 -6.555593e+01 -6.045011e+00
-6.882977e+01 6.211570e-01 -6.657186e+01 2.572548e+00
-4.769611e+01 -2.552046e+01 -4.543819e+01 -2.356907e+01
-4.381810e+01 -1.310876e+01 -4.156018e+01 -1.115737e+01
-5.989365e+01 3.061914e+00 -5.763573e+01 5.013305e+00
-3.930768e+01 -2.898522e+01 -3.704977e+01 -2.703383e+01
-7.227058e+01 -1.365316e+01 -7.001266e+01 -1.170177e+01
-5.596684e+01 -2.549305e+01 -5.370893e+01 -2.354166e+01
-5.355765e+01 -2.749922e+01 -5.129973e+01 -2.554782e+01
-6.007864e+01 -1.682134e+01 -5.782073e+01 -1.486995e+01
-7.375312e+01 -8.390234e+00 -7.149521e+01 -6.438843e+00
-6.829858e+01 -1.572112e+01 -6.604067e+01 -1.376973e+01
-7.019691e+01 -3.298510e+00 -6.793900e+01 -1.347120e+00
-3.850718e+01 -7.028544e+00 -3.624926e+01 -5.077153e+00
-3.289426e+01 9.483462e-02 -3.063634e+01 2.046225e+00
-7.116830e+01 -3.190855e+01 -6.891039e+01 -2.995716e+01
-5.019674e+01 -2.683687e+01 -4.793882e+01 -2.488548e+01
-3.209770e+01 -2.947548e+01 -2.983978e+01 -2.752409e+01
-5.647730e+01 -1.048194e+01 -5.421939e+01 -8.530548e+00
-4.516906e+01 -6.417259e+00 -4.291114e+01 -4.465868e+00
-4.963955e+01 -1.788069e+01 -4.738164e+01 -1.592930e+01
-3.685919e+01 -1.120446e+01 -3.460127e+01 -9.253073e+00
-3.238286e+01 -2.509651e+01 -3.012495e+01 -2.314512e+01
-3.835764e+01 -1.914574e+01 -3.609972e+01 -1.719435e+01
-5.675315e+01 -2.994514e+01 -5.449523e+01 -2.799375e+01
-3.751248e+01 -1.863363e+01 -3.525456e+01 -1.668224e+01
-4.025278e+01 2.709066e+00 -3.799486e+01 4.660457e+00
-3.564688e+01 -1.299847e+00 -3.338896e+01 6.515438e-01
-4.173602e+01 -8.959362e+00 -3.947811e+01 -7.007972e+00
-5.069061e+01 -9.370940e+00 -4.843269e+01 -7.419550e+00
-5.131096e+01 -1.116020e+01 -4.905304e+01 -9.208805e+00
-4.365936e+01 -3.259959e+01 -4.140144e+01 -3.064820e+01
-3.986133e+01 -1.034475e+01 -3.760341e+01 -8.393357e+00
-6.772151e+01 -2.813226e+01 -6.546359e+01 -2.618087e+01
-6.515213e+01 -3.409360e+00 -6.289422e+01 -1.457969e+00
-3.587224e+01 -5.052390e+00 -3.361432e+01 -3.100999e+00
-6.568828e+01 -7.729862e+00 -6.343036e+01 -5.778471e+00
-5.986447e+01 -2.962957e+01 -5.760656e+01 -2.767818e+01
-3.387842e+01 -2.976004e+01 -3.162051e+01 -2.780865e+01
-5.233263e+01 -2.319997e+01 -5.007471e+01 -2.124857e+01
-6.497936e+01 -2.252026e+01 -6.272144e+01 -2.056887e+01
-4.430050e+01 3.209396e+00 -4.204259e+01 5.160786e+00
-6.397713e+01 -1.396621e+01 -6.171921e+01 -1.201482e+01
-3.884449e+01 2.793680e+00 -3.658657e+01 4.745071e+00
-6.758072e+01 -2.225234e+01 -6.532280e+01 -2.030095e+01
-4.866441e+01 -8.595782e+00 -4.640649e+01 -6.644391e+00
-3.455666e+01 -2.466243e+01 -3.229874e+01 -2.271104e+01
-4.356203e+01 -9.187465e+00 -4.130411e+01 -7.236074e+00
-3.640179e+01 -2.020492e+00 -3.414387e+01 -6.910072e-02
-3.907759e+01 -3.263954e+01 -3.681967e+01 -3.068815e+01
-4.733676e+01 -9.647100e+00 -4.507885e+01 -7.695709e+00
-3.950827e+01 -3.525579e+00 -3.725035e+01 -1.574188e+00
-6.116053e+01 -3.075447e+01 -5.890261e+01 -2.880308e+01
-3.425884e+01 -2.700902e+01 -3.200093e+01 -2.505763e+01
-6.591582e+01 -1.970833e+01 -6.365790e+01 -1.775694e+01
-5.399149e+01 -1.896974e+01 -5.173358e+01 -1.701835e+01
-4.475754e+01 -2.982044e+01 -4.249962e+01 -2.786905e+01
-5.928997e+01 1.823521e-01 -5.703206e+01 2.133743e+00
-4.656035e+01 -2.968429e+01 -4.430243e+01 -2.773290e+01
-3.761048e+01 -4.490092e+00 -3.535257e+01 -2.538702e+00
-5.599052e+01 -1.943472e+01 -5.373261e+01 -1.748333e+01
-5.619540e+01 -2.312703e+01 -5.393748e+01 -2.117564e+01
-4.691962e+01 -3.108693e+01 -4.466171e+01 -2.913554e+01
-3.328614e+01 -1.688220e+01 -3.102822e+01 -1.493081e+01
-3.420362e+01 -7.412080e+00 -3.194570e+01 -5.460689e+00
-5.319630e+01 -1.534295e+01 -5.093839e+01 -1.339156e+01
-6.079283e+01 -2.499154e+01 -5.853491e+01 -2.304015e+01
-6.288639e+01 -1.124182e+01 -6.062848e+01 -9.290431e+00
-6.039827e+01 -2.882936e+01 -5.814036e+01 -2.687797e+01
-4.015496e+01 -1.501056e+01 -3.789705e+01 -1.305917e+01
-5.205767e+01 -2.623768e+01 -4.979976e+01 -2.428629e+01
-3.521361e+01 -2.854414e+01 -3.295570e+01 -2.659275e+01
-6.075942e+01 -2.654633e+01 -5.850151e+01 -2.459494e+01
-7.387085e+01 1.405173e+00 -7.161294e+01 3.356564e+00
-6.095902e+01 -2.191437e+00 -5.870110e+01 -2.400464e-01
-4.462349e+01 -6.917303e+00 -4.236557e+01 -4.965912e+00
-6.607719e+01 -3.200429e+01 -6.381928e+01 -3.005290e+01
-3.065938e+01 -3.501180e+00 -2.840146e+01 -1.549789e+00
-6.889727e+01 -1.366915e-01 -6.663936e+01 1.814699e+00
-6.463919e+01 5.051314e+00 -6.238127e+01 7.002705e+00
-4.978852e+01 -7.682981e+00 -4.753061e+01 -5.731590e+00
-5.296224e+01 -1.413631e+00 -5.070432e+01 5.377602e-01
-3.370272e+01 -5.965849e+00 -3.144480e+01 -4.014458e+00
-5.569736e+01 -2.619839e+01 -5.343945e+01 -2.424700e+01
-3.615652e+01 -2.771197e+01 -3.389861e+01 -2.576058e+01
-4.357774e+01 -2.111076e+01 -4.131982e+01 -1.915937e+01
-5.831975e+01 -1.296712e+01 -5.606184e+01 -1.101573e+01
