1 0 0
2 0 0
3 0 0
4 18 7
5 11 5
6 9 4
7 18 9
8 0 0
9 66 51
10 9 2
11 0 0
12 6 1
13 0 0
14 0 0
15 0 0
16 13 7
17 164 129
18 31 18
19 1 0
20 16 7
21 25 13
22 5 0
23 0 0
24 0 0
25 0 0
26 57 46
27 4 1
28 0 0
29 0 0
30 128 96
31 2 0
32 0 0
33 24 13
34 16 5
35 29 16
36 0 0
37 1 0
38 0 0
39 14 6
40 112 89
41 0 0
42 10 3
43 0 0
44 5 2
45 5 1
46 0 0
47 0 0
48 4 0
49 8 2
50 0 0
51 116 86
52 0 0
53 2 0
54 57 39
55 178 149
56 0 0
57 154 126
58 0 0
59 41 26
60 2 0
61 0 0
62 14 7
63 0 0
64 90 73
65 18 9
66 0 0
67 191 164
68 7 3
69 7 1
70 9 3
71 0 0
72 0 0
73 0 0
74 25 14
75 0 0
76 71 54
77 0 0
78 49 39
79 0 0
80 13 4
81 27 13
82 0 0
83 0 0
84 0 0
85 0 0
86 0 0
87 0 0
88 0 0
89 0 0
90 0 0
91 18 8
92 33 19
93 0 0
94 22 11
95 1 0
96 0 0
97 76 56
98 2 0
99 0 0
100 0 0
101 0 0
102 0 0
103 52 34
104 3 0
105 0 0
106 69 54
107 28 17
108 134 111
109 0 0
110 10 2
111 5 1
112 0 0
113 11 5
114 0 0
115 12 5
116 0 0
117 4 0
118 17 10
119 12 4
120 0 0
121 61 42
122 143 117
123 0 0
124 0 0
125 6 0
126 68 47
127 0 0
128 25 10
129 46 33
130 0 0
131 0 0
132 102 82
133 47 36
134 9 3
135 0 0
136 0 0
137 25 13
138 195 163
139 0 0
140 0 0
141 0 0
142 0 0
143 0 0
144 0 0
145 119 93
146 6 1
147 14 5
148 0 0
149 0 0
150 77 62
151 8 2
152 0 0
153 24 10
154 0 0
155 0 0
156 17 6
157 171 137
158 4 0
159 0 0
160 28 16
161 17 10
162 0 0
163 124 95
164 0 0
165 0 0
166 0 0
167 0 0
168 100 76
169 3 0
170 171 144
171 0 0
172 5 1
173 18 10
174 3 1
175 1 0
176 205 172
177 57 46
178 116 93
179 0 0
180 89 64
181 35 22
182 0 0
183 0 0
184 84 62
185 1 0
186 0 0
187 11 4
188 0 0
189 0 0
190 1 0
191 0 0
192 0 0
193 0 0
194 0 0
195 0 0
196 6 1
197 0 0
198 0 0
199 13 4
200 68 47
201 13 7
202 33 19
203 47 34
204 8 1
205 105 74
206 29 13
207 29 17
208 4 0
209 0 0
210 0 0
211 140 111
212 0 0
213 3 0
214 7 2
215 0 0
216 13 3
217 1 0
218 0 0
219 11 4
220 7 1
221 64 48
222 0 0
223 23 15
224 0 0
225 102 88
226 0 0
227 13 3
228 14 5
229 4 1
230 0 0
231 0 0
232 136 115
233 0 0
234 15 6
235 32 19
236 99 78
237 7 2
238 208 170
239 0 0
240 8 1
241 7 2
242 44 29
243 0 0
244 1 0
245 0 0
246 0 0
247 0 0
248 214 178
249 0 0
250 1 0
251 188 167
252 0 0
253 6 1
254 0 0
255 0 0
256 5 2
257 0 0
258 20 8
259 0 0
260 165 143
261 0 0
262 0 0
263 0 0
264 75 56
265 0 0
266 13 3
267 122 94
268 0 0
269 0 0
270 7 1
271 28 14
272 90 75
273 0 0
274 67 45
275 0 0
276 0 0
277 14 8
278 0 0
279 51 32
280 0 0
281 0 0
282 1 0
283 51 38
284 34 18
285 0 0
286 0 0
287 35 22
288 0 0
289 0 0
290 74 61
291 10 2
292 0 0
293 1 0
294 13 5
295 3 0
296 0 0
297 0 0
298 0 0
299 5 2
300 0 0
301 0 0
302 4 1
303 33 20
304 0 0
305 35 21
306 0 0
307 16 8
308 0 0
309 0 0
310 39 22
311 33 19
312 8 2
313 181 154
314 0 0
315 0 0
316 64 44
317 0 0
318 0 0
319 19 6
320 0 0
321 0 0
322 0 0
323 1 1
324 151 121
325 0 0
326 10 5
327 0 0
328 0 0
329 0 0
330 0 0
331 0 0
332 0 0
333 0 0
334 9 2
335 0 0
336 0 0
337 15 5
338 27 12
339 9 3
340 19 10
341 0 0
342 0 0
343 0 0
344 0 0
345 5 1
346 149 122
347 0 0
348 4 1
349 0 0
350 75 52
351 0 0
352 0 0
353 0 0
354 0 0
355 0 0
356 0 0
357 0 0
358 0 0
359 0 0
360 162 132
361 0 0
362 31 19
363 0 0
364 39 26
365 0 0
366 6 1
367 0 0
368 0 0
369 7 4
370 18 11
371 81 60
372 92 66
373 131 107
374 9 2
375 6 1
376 0 0
377 26 18
378 7 1
379 12 3
380 0 0
381 0 0
382 0 0
383 36 26
384 0 0
385 5 1
386 0 0
387 0 0
388 7 1
389 0 0
390 173 152
391 0 0
392 0 0
393 0 0
394 37 21
395 0 0
396 0 0
397 10 4
398 0 0
399 28 15
400 0 0
401 6 1
402 0 0
403 0 0
404 0 0
405 0 0
406 2 0
407 0 0
408 1 0
409 5 1
410 36 20
411 209 170
412 0 0
413 0 0
414 4 1
415 1 0
416 58 41
417 48 31
418 3 0
419 0 0
420 0 0
421 48 36
422 204 165
423 19 13
424 8 5
425 0 0
426 6 1
427 177 144
428 0 0
429 0 0
430 85 68
431 0 0
432 15 6
433 61 42
434 78 59
435 78 64
436 0 0
437 0 0
438 45 30
439 0 0
440 0 0
441 0 0
442 81 55
443 36 22
444 24 12
445 0 0
446 57 35
447 0 0
448 9 1
449 1 0
450 4 0
451 0 0
452 0 0
453 164 133
454 0 0
455 0 0
456 9 4
457 0 0
458 0 0
459 39 24
460 0 0
461 63 42
462 0 0
463 0 0
464 20 9
465 6 3
466 0 0
467 0 0
468 0 0
469 24 12
470 0 0
471 4 0
472 0 0
473 0 0
474 13 7
475 32 19
476 0 0
477 0 0
478 0 0
479 15 7
480 0 0
481 25 15
482 0 0
483 76 60
484 73 48
485 0 0
486 0 0
487 0 0
488 9 2
489 75 55
490 0 0
491 0 0
492 1 0
493 0 0
494 51 34
495 14 5
496 0 0
497 55 42
498 0 0
499 198 164
500 17 7
0.05 0.277957 8.867501 3184.000000 areaf municipios.shp
