-33.4715341949 -25.6312493306 -19.9240409756 -13.9229042201
-45.8038264374 -6.8436699664 -32.2563332181 4.8646751441
-57.7638613699 4.1781926759 -44.2163681506 15.8865377864
-30.7420167104 -3.4265674686 -17.1945234911 8.2817776419
-31.1485691325 -28.4307143012 -17.6010759132 -16.7223691907
-32.3909332008 3.7827536616 -18.8434399815 15.4910987721
-40.5606588377 -26.3494952662 -27.0131656184 -14.6411501557
-59.3549591794 2.9034056678 -45.8074659601 14.6117507783
-33.8638256295 -21.6480254533 -20.3163324102 -9.9396803428
-52.9128875906 -33.0667395914 -39.3653943713 -21.3583944809
-32.6047504407 -14.7587511797 -19.0572572214 -3.0504060692
-58.2920533123 1.7288645384 -44.7445600930 13.4372096489
-53.6342395536 -24.9143684067 -40.0867463343 -13.2060232962
-31.8262994543 -13.3753343272 -18.2788062350 -1.6669892167
-58.6481568407 1.5788929349 -45.1006636214 13.2872380454
-47.8128264741 -24.4860621227 -34.2653332548 -12.7777170122
-68.8844930344 -25.7798030368 -55.3369998151 -14.0714579263
-32.1466889321 -15.2994489278 -18.5991957128 -3.5911038173
-66.0487835279 0.7766532271 -52.5012903086 12.4849983376
-62.7214909753 -28.8744027327 -49.1739977560 -17.1660576222
-73.0519538710 -27.0725149717 -59.5044606517 -15.3641698612
-70.0870379149 -4.0333821862 -56.5395446956 7.6749629243
-57.7092244867 -17.7138389703 -44.1617312674 -6.0054938598
-42.3614632613 -24.0136307710 -28.8139700420 -12.3052856605
-41.4405094772 -27.2124591940 -27.8930162579 -15.5041140835
-61.9422402128 -8.8653362791 -48.3947469935 2.8430088314
-44.4597317488 -9.7561327499 -30.9122385295 1.9522123606
-49.3114593990 -29.6493003705 -35.7639661797 -17.9409552600
-36.0122263429 -14.9949887459 -22.4647331236 -3.2866436354
-45.6786280998 -26.6818410766 -32.1311348805 -14.9734959661
-56.5774874935 -25.6716010749 -43.0299942742 -13.9632559644
-55.1010420933 -14.2741319521 -41.5535488740 -2.5657868416
-55.4290753384 -20.2754979807 -41.8815821191 -8.5671528702
-30.1146812812 -10.8308771285 -16.5671880619 0.8774679820
-63.6157152940 -25.1052770036 -50.0682220747 -13.3969318931
-41.8378686487 -23.9585855732 -28.2903754294 -12.2502404627
-56.2695642857 -2.5747916244 -42.7220710664 9.1335534861
-73.4429389746 -4.3498478159 -59.8954457553 7.3584972946
-64.5295607799 -5.9276240049 -50.9820675606 5.7807211056
-73.8728067628 2.5716423077 -60.3253135435 14.2799874182
-34.2414101889 -23.2217116231 -20.6939169696 -11.5133665126
-48.3362980070 -12.8891562467 -34.7888047877 -1.1808111362
-34.0536868498 -29.2636625106 -20.5061936305 -17.5553174001
-45.1160811142 -5.4262081855 -31.5685878949 6.2821369250
-47.1064841124 -23.3409539888 -33.5589908931 -11.6326088783
-33.0472642504 4.5473902403 -19.4997710311 16.2557353508
-52.6071316408 -21.0538151537 -39.0596384215 -9.3454700432
-52.3086092347 0.7859952037 -38.7611160154 12.4943403142
-43.7170052431 -16.1060023009 -30.1695120238 -4.3976571904
-52.6767229675 1.3939794198 -39.1292297482 13.1023245303
-43.5804306465 -26.5558415314 -30.0329374272 -14.8474964209
-67.1630468240 -31.1669339538 -53.6155536047 -19.4585888433
-29.6021553019 -27.3622536399 -16.0546620826 -15.6539085294
-36.9914408266 -26.2249434777 -23.4439476073 -14.5165983672
-34.4147343624 -1.6581230305 -20.8672411431 10.0502220800
-68.4227541709 -4.2078235359 -54.8752609516 7.5005215746
-69.8419516660 -6.7526748867 -56.2944584467 4.9556702238
-60.8365650940 4.3644582993 -47.2890718747 16.0728034098
-37.5694667060 2.5867009262 -24.0219734867 14.2950460367
-42.2825195825 -18.0528513278 -28.7350263632 -6.3445062173
-65.0683232751 -9.9754788937 -51.5208300558 1.7328662168
-56.6808902773 -7.5446708004 -43.1333970580 4.1636743101
-31.7990580505 -0.0378825267 -18.2515648312 11.6704625838
-48.8743189961 -10.1364698740 -35.3268257768 1.5718752365
-59.7337579020 -32.6370543019 -46.1862646827 -20.9287091914
-51.1697517047 4.8669731940 -37.6222584854 16.5753183045
-64.3866014329 -8.1127763348 -50.8391082136 3.5955687757
-71.4851513336 -26.1013916631 -57.9376581143 -14.3930465526
-36.9431306552 0.4053947965 -23.3956374359 12.1137399070
-56.4414406485 -6.5427703116 -42.8939474292 5.1655747989
-42.5034968296 -13.7574990029 -28.9560036103 -2.0491538924
-53.4932881949 -2.9382426329 -39.9457949756 8.7701024776
-64.7859041193 -4.6532533573 -51.2384109000 7.0550917532
-39.4037441123 -33.3321910323 -25.8562508930 -21.6238459218
-43.4451565981 -15.4690310002 -29.8976633788 -3.7606858897
-55.3522894967 0.3735147791 -41.8047962774 12.0818598896
-70.4953261327 -2.6683661217 -56.9478329134 9.0399789888
-49.3515918901 -33.2794836685 -35.8040986708 -21.5711385580
-44.1853363870 -29.7633283984 -30.6378431677 -18.0549832879
-46.1314153298 4.3441867969 -32.5839221105 16.0525319074
-68.0979206819 -28.9641237239 -54.5504274626 -17.2557786134
-30.3959399173 -20.3433241726 -16.8484466980 -8.6349790621
-38.7966226642 -32.9222975674 -25.2491294449 -21.2139524569
-49.6359359506 -10.3297927255 -36.0884427313 1.3785523850
-33.5203405122 2.4789033846 -19.9728472929 14.1872484951
-60.5768969631 -10.5753107502 -47.0294037438 1.1330343603
-54.1042285406 -4.4288366118 -40.5567353213 7.2795084987
-56.6902536904 -8.5944492532 -43.1427604711 3.1138958573
-51.5626955479 -27.9208344788 -38.0152023286 -16.2124893683
-44.4081605863 -26.9821391805 -30.8606673670 -15.2737940700
-46.1012293715 -31.0895453196 -32.5537361522 -19.3812002091
-71.8422998722 -6.6122380469 -58.2948066529 5.0961070636
-34.9562869580 -10.5854601498 -21.4087937387 1.1228849607
-42.0535967884 -13.2698398169 -28.5061035691 -1.5614947064
-42.5824597495 -21.0855379137 -29.0349665302 -9.3771928032
-51.3816854660 -1.4992168875 -37.8341922467 10.2091282230
-53.8071470268 -15.5479898276 -40.2596538075 -3.8396447171
-66.3275596472 -24.9044243703 -52.7800664279 -13.1960792598
-51.9796845083 -6.0651195697 -38.4321912890 5.6432255408
-36.6644908635 -18.7650528399 -23.1169976442 -7.0567077294
-45.2035292980 -28.9124598602 -31.6560360787 -17.2041147497
-29.8448302153 -30.6983085837 -16.2973369960 -18.9899634732
-34.4742300645 -19.6595967003 -20.9267368452 -7.9512515898
-41.3605475995 -19.2290661864 -27.8130543802 -7.5207210759
-50.9500495824 -18.9972607783 -37.4025563631 -7.2889156678
-49.3657456113 -28.7481593321 -35.8182523920 -17.0398142216
-53.8501261429 -10.5976924241 -40.3026329236 1.1106526864
-36.8104915591 -21.6225802132 -23.2629983398 -9.9142351027
-65.5645943678 -13.0299817684 -52.0171011485 -1.3216366579
-36.2690042779 0.6901962038 -22.7215110586 12.3985413143
-35.3700683397 -20.6237527954 -21.8225751204 -8.9154076849
-41.9900916496 -21.9430439938 -28.4425984303 -10.2346988833
-37.7492830012 0.5427585290 -24.2017897819 12.2511036395
-50.1019528896 -22.4198927102 -36.5544596703 -10.7115475997
-47.4438039956 -19.8595481522 -33.8963107763 -8.1512030417
-43.5499603831 -24.9420739880 -30.0024671638 -13.2337288775
-52.3287994326 -8.3031718142 -38.7813062133 3.4051732963
-60.2760590062 -19.8911671765 -46.7285657869 -8.1828220660
-73.4091531092 -32.7110030826 -59.8616598899 -21.0026579721
-41.1609229625 -13.3210623676 -27.6134297432 -1.6127172571
-55.7262826656 -23.1093013856 -42.1787894463 -11.4009562751
-44.5731387254 -0.5451155796 -31.0256455061 11.1632295309
-34.8973711793 -15.2074817709 -21.3498779600 -3.4991366604
-66.7037897413 -31.6958261289 -53.1562965220 -19.9874810184
-73.7269972370 5.1620214849 -60.1795040177 16.8703665954
-31.7716767653 -0.1308458955 -18.2241835460 11.5774992150
-58.9444516371 -8.6203303360 -45.3969584178 3.0880147745
-66.5952487963 -28.4391536789 -53.0477555770 -16.7308085684
-50.4003875648 -6.6992209456 -36.8528943455 5.0091241649
-54.7436700220 -29.4334296280 -41.1961768027 -17.7250845175
-71.7846132920 -29.8218546132 -58.2371200727 -18.1135095027
-58.8124927282 -13.1086397840 -45.2649995089 -1.4002946735
-40.0093888356 -8.7659318084 -26.4618956163 2.9424133021
-34.0790993228 -3.8656576340 -20.5316061035 7.8426874765
-43.8878154411 -9.8979029791 -30.3403222218 1.8104421314
-60.9404017373 -30.9630614259 -47.3929085180 -19.2547163154
-34.0876587331 2.9661956064 -20.5401655138 14.6745407169
-32.3531639951 -4.4920608665 -18.8056707758 7.2162842440
-55.2181386003 -30.4815525437 -41.6706453810 -18.7732074332
-37.7679633335 -17.2844294129 -24.2204701142 -5.5760843024
-70.3507156297 -4.9713795946 -56.8032224104 6.7369655159
-61.2048585362 -17.5869421146 -47.6573653169 -5.8785970041
-56.7806870978 -16.2948449248 -43.2331938785 -4.5864998143
-49.1515590272 1.5250385171 -35.6040658079 13.2333836276
-67.6599661194 4.3648121784 -54.1124729001 16.0731572889
-73.3462340762 -26.3585146952 -59.7987408569 -14.6501695847
-70.5098273074 -20.0617574009 -56.9623340881 -8.3534122904
-41.5623384851 -1.3599315543 -28.0148452658 10.3484135562
-29.2516248877 -10.2448240955 -15.7041316684 1.4635210150
-47.1004151887 -8.0824867743 -33.5529219694 3.6258583362
-64.3607387192 0.7820110829 -50.8132454999 12.4903561934
-41.0745062675 -29.9556111847 -27.5270130482 -18.2472660742
-36.7170144899 -8.3315878979 -23.1695212706 3.3767572126
-35.7543952387 -24.3265762374 -22.2069020194 -12.6182311269
-40.8055918731 -8.4134217389 -27.2580986538 3.2949233716
-44.0429460496 -1.9105341925 -30.4954528303 9.7978109180
-56.5412772760 3.1958563492 -42.9937840567 14.9042014597
-63.6141318917 -3.7821910094 -50.0666386724 7.9261541011
-56.2105690193 -3.3014347927 -42.6630758000 8.4069103178
-43.6656961374 -12.8987341730 -30.1182029181 -1.1903890625
-39.8235770902 -6.9712233122 -26.2760838709 4.7371217983
-41.3194608992 -1.1993447762 -27.7719676799 10.5090003343
-72.3333141399 -16.5022660215 -58.7858209206 -4.7939209110
-44.0152776416 -32.6663496495 -30.4677844223 -20.9580045390
-72.0025158183 -23.6183622991 -58.4550225990 -11.9100171886
-43.0453471884 -23.6954969370 -29.4978539692 -11.9871518265
-67.4774776094 -17.5722473163 -53.9299843901 -5.8639022058
-57.9743091118 4.1061757642 -44.4268158925 15.8145208747
-71.0268023447 -25.8766428651 -57.4793091254 -14.1682977546
-64.4506130636 -2.4948383479 -50.9031198443 9.2135067626
-35.5720307757 0.3907311844 -22.0245375564 12.0990762949
-46.1513588427 -24.4805456646 -32.6038656234 -12.7722005541
-36.9040208210 -0.7085285928 -23.3565276017 10.9998165177
-73.7562402785 -25.3458978223 -60.2087470592 -13.6375527118
-45.6938387753 -7.3255688754 -32.1463455560 4.3827762351
-40.1477820590 -18.7800827984 -26.6002888397 -7.0717376879
-57.5965237515 -15.2797435557 -44.0490305322 -3.5713984452
-64.1717881161 -18.1354526460 -50.6242948968 -6.4271075355
-32.6700101956 0.6556163678 -19.1225169763 12.3639614783
-54.6774340201 3.6930376318 -41.1299408008 15.4013827423
-67.6237264411 -29.3285014116 -54.0762332218 -17.6201563011
-64.1984376524 -22.6047768747 -50.6509444331 -10.8964317642
-50.1636025386 -11.4314301009 -36.6161093193 0.2769150096
-62.4583532718 -10.5824466342 -48.9108600525 1.1258984763
-39.0641082157 -15.5246813291 -25.5166149964 -3.8163362186
-56.1854562231 -9.3760002258 -42.6379630038 2.3323448847
-58.5651825706 -33.3161543211 -45.0176893513 -21.6078092106
-35.0704149170 -27.3808593915 -21.5229216977 -15.6725142810
-35.2649629222 0.1028547615 -21.7174697029 11.8111998720
-56.9047610638 -14.8403260449 -43.3572678445 -3.1319809344
-49.4112487334 -28.7492519012 -35.8637555141 -17.0409067907
-34.7971854160 1.6748139532 -21.2496921967 13.3831590637
-46.8407539551 -30.4055161450 -33.2932607358 -18.6971710345
-60.1002674774 -13.5888677081 -46.5527742581 -1.8805225976
-30.3186963909 -5.0403036623 -16.7712031716 6.6680414482
-52.5042580176 -29.5183254358 -38.9567647983 -17.8099803253
-35.6631398070 -6.7039690905 -22.1156465877 5.0043760200
-56.2062839834 -19.0474164758 -42.6587907641 -7.3390713653
-62.0380995562 -8.3995660950 -48.4906063369 3.3087790155
-30.1798043299 -32.2491518846 -16.6323111106 -20.5408067741
-68.7362606917 -19.5128278193 -55.1887674724 -7.8044827088
-44.0593146372 -15.8638772960 -30.5118214179 -4.1555321855
-57.0230434719 -13.2595606748 -43.4755502526 -1.5512155643
-45.9333037338 -24.6315277283 -32.3858105145 -12.9231826178
-56.2773526028 -33.7493565934 -42.7298593835 -22.0410114829
-41.5677759446 2.8149002456 -28.0202827253 14.5232453561
-68.2115757945 -10.8701252722 -54.6640825752 0.8382198383
-35.8590309221 -5.2776495906 -22.3115377028 6.4306955199
-43.6549027669 -27.8044212743 -30.1074095476 -16.0960761638
-62.8840617534 -8.8034038686 -49.3365685341 2.9049412419
-33.8996569980 -5.5680270840 -20.3521637787 6.1403180265
-40.2369898217 -4.9913926664 -26.6894966024 6.7169524441
-55.2536725630 -28.2226943070 -41.7061793437 -16.5143491965
-68.8688177767 -7.2130751112 -55.3213245574 4.4952699993
-38.2705681614 -30.4743519793 -24.7230749421 -18.7660068688
-41.5566369921 1.6756295000 -28.0091437728 13.3839746105
-53.7348505127 -18.8652417802 -40.1873572934 -7.1568966697
-57.4709291953 -1.5662075415 -43.9234359760 10.1421375690
-33.0666490366 4.7891528244 -19.5191558173 16.4974979349
-71.3668682527 -22.0871880956 -57.8193750334 -10.3788429851
-29.4049548487 -3.4474517170 -15.8574616294 8.2608933935
-63.3535708075 -29.2366749558 -49.8060775882 -17.5283298453
-57.6205734320 -30.6160704496 -44.0730802127 -18.9077253391
-35.8315175150 -32.3988981336 -22.2840242957 -20.6905530231
-63.4928679821 -30.1865215723 -49.9453747628 -18.4781764618
-43.5700431886 -29.0430793164 -30.0225499693 -17.3347342059
-37.2665561614 -17.3018939988 -23.7190629421 -5.5935488883
-35.2762896591 -24.8322245762 -21.7287964398 -13.1238794657
-48.5712746894 4.1488561829 -35.0237814701 15.8572012934
-32.9746579447 -19.9247113817 -19.4271647254 -8.2163662712
-71.5146973954 -9.2853893391 -57.9672041761 2.4229557714
-62.1696395358 -14.0905382507 -48.6221463165 -2.3821931402
-73.6265251921 -9.2430094232 -60.0790319728 2.4653356873
-59.1700990146 1.9467037517 -45.6226057953 13.6550488622
-46.2074587822 -18.6601608074 -32.6599655629 -6.9518156969
-64.3581437000 -10.2197401131 -50.8106504807 1.4886049974
-66.6342685656 -16.2184519391 -53.0867753463 -4.5101068286
-41.5499121482 -13.2308692407 -28.0024189289 -1.5225241302
-50.0869733591 -11.7486023075 -36.5394801398 -0.0402571970
-48.6929752974 -4.0050597336 -35.1454820781 7.7032853769
-44.4179767845 -24.6099320688 -30.8704835652 -12.9015869583
-34.1350234432 -15.4675352102 -20.5875302239 -3.7591900997
-44.3910193704 -4.8604737250 -30.8435261511 6.8478713855
-42.5257295235 -25.2142770473 -28.9782363042 -13.5059319368
-41.8773883910 -10.1229221297 -28.3298951717 1.5854229808
-48.1251047426 -3.8427930474 -34.5776115233 7.8655520631
-63.5109610310 -1.1659330030 -49.9634678117 10.5424121075
-61.8042908165 -24.3646223334 -48.2567975972 -12.6562772229
-53.0979701315 -10.3957568356 -39.5504769122 1.3125882749
-66.9933175527 -30.6962958234 -53.4458243334 -18.9879507129
-29.5157034683 -19.3640826709 -15.9682102490 -7.6557375604
-43.2388104186 -27.9692098946 -29.6913171993 -16.2608647841
-37.0675221302 -18.1503136977 -23.5200289109 -6.4419685872
-43.5674711325 -20.1949196728 -30.0199779132 -8.4865745623
-30.4911201040 -24.6077091837 -16.9436268847 -12.8993640732
-69.0553046834 -9.6119025591 -55.5078114641 2.0964425514
-52.8444327690 4.9740188696 -39.2969395497 16.6823639801
-70.0729084395 -28.9073299939 -56.5254152202 -17.1989848834
-40.9226090818 -3.1570602116 -27.3751158625 8.5512848989
-58.5187140521 -16.4315691777 -44.9712208328 -4.7232240672
-56.4199933052 1.9893588908 -42.8725000859 13.6977040013
-64.5130511332 -9.4939735554 -50.9655579139 2.2143715551
-40.1012201952 -15.0133732685 -26.5537269759 -3.3050281580
-35.0727869292 -25.4190133368 -21.5252937099 -13.7106682263
-70.4543889028 -33.0821941976 -56.9068956835 -21.3738490871
-60.8255871144 -31.2707274744 -47.2780938951 -19.5623823639
-56.5802228357 4.2186092641 -43.0327296164 15.9269543746
-64.4410322581 -25.8066741524 -50.8935390388 -14.0983290419
-57.1740879739 0.8099378749 -43.6265947546 12.5182829854
-49.1232082872 -20.6363001660 -35.5757150679 -8.9279550555
-68.5899176735 -7.9794359238 -55.0424244542 3.7289091867
-30.8952728194 -10.7932752170 -17.3477796001 0.9150698935
-44.5314981981 -32.1333202217 -30.9840049788 -20.4249751112
-41.8324597038 -18.7253686899 -28.2849664845 -7.0170235794
-36.7294763439 -31.6000749261 -23.1819831246 -19.8917298156
-36.5750726058 -25.3760425198 -23.0275793865 -13.6676974093
-30.1576496517 -32.2369798199 -16.6101564324 -20.5286347094
-36.2430811073 -5.5929698746 -22.6955878880 6.1153752359
-50.5681227897 -6.5064746379 -37.0206295704 5.2018704726
-31.7790280265 -10.4373458666 -18.2315348072 1.2709992439
-41.7029403505 -24.9051550457 -28.1554471312 -13.1968099352
-44.1552611436 -29.8128083961 -30.6077679243 -18.1044632856
-64.9899805270 0.3019436511 -51.4424873077 12.0102887616
-60.2518760052 -11.4239299423 -46.7043827859 0.2844151682
-39.7674538932 -0.3711220128 -26.2199606739 11.3372230977
-32.9919336587 0.5084305084 -19.4444404394 12.2167756189
-50.7162543640 -0.0862955257 -37.1687611447 11.6220495848
-52.9543791312 -27.1894717711 -39.4068859119 -15.4811266606
-33.1763555900 -26.7911296648 -19.6288623707 -15.0827845543
-49.0228276951 -5.2878588546 -35.4753344758 6.4204862559
-63.4589804440 -18.8496410026 -49.9114872247 -7.1412958921
-31.3762694361 -25.7797833001 -17.8287762168 -14.0714381896
-55.0069918719 -3.3117801236 -41.4594986526 8.3965649869
-32.1964677745 2.9129804501 -18.6489745552 14.6213255606
-52.4144971850 -0.1625990783 -38.8670039657 11.5457460322
-49.7602834551 -26.2126033423 -36.2127902358 -14.5042582318
-70.0593895470 -26.0381185028 -56.5118963277 -14.3297733923
-60.7215685748 -22.5599796328 -47.1740753555 -10.8516345223
-70.8328058534 -10.3949399077 -57.2853126341 1.3134052028
-35.2177849029 -1.4299730346 -21.6702916836 10.2783720759
-53.5111859734 -3.8220023756 -39.9636927541 7.8863427349
-42.1202884353 4.0777004340 -28.5727952160 15.7860455445
-45.5762036659 -27.0398840334 -32.0287104466 -15.3315389229
-67.7961607735 -12.9335933759 -54.2486675542 -1.2252482654
-58.1824742756 -6.8044744720 -44.6349810563 4.9038706385
-62.1376697949 -10.9722639099 -48.5901765756 0.7360812006
-70.7378566015 -25.6910333139 -57.1903633822 -13.9826882034
-38.4207418952 -14.5185989892 -24.8732486759 -2.8102538787
-29.4542576484 -5.9026630769 -15.9067644291 5.8056820336
-54.4826202570 -15.6267479260 -40.9351270377 -3.9184028155
-48.0719840967 4.0643363172 -34.5244908774 15.7726814277
-44.3071602219 -7.9386960065 -30.7596670026 3.7696491040
-66.4794161638 3.3851913725 -52.9319229445 15.0935364830
-31.1850900457 -24.5156367645 -17.6375968264 -12.8072916540
-49.1648304777 -2.2604479065 -35.6173372584 9.4478972040
-71.0751388859 -33.6093072178 -57.5276456666 -21.9009621073
-48.0918721364 -3.6728320707 -34.5443789171 8.0355130398
-30.0661139104 -25.8242449820 -16.5186206911 -14.1158998715
-31.4327520097 -29.4490578661 -17.8852587904 -17.7407127556
-40.7416029112 -22.3215924762 -27.1941096919 -10.6132473657
-37.8439202536 5.2428467558 -24.2964270343 16.9511918663
-34.4193380848 0.3144894951 -20.8718448655 12.0228346056
-64.7141798111 -7.8237662883 -51.1666865918 3.8845788222
-57.4892824505 -26.2566797408 -43.9417892312 -14.5483346303
-56.9365682757 -2.6154077604 -43.3890750564 9.0929373501
-44.3581601458 3.4026287342 -30.8106669265 15.1109738447
-39.3774634997 -21.5006416091 -25.8299702804 -9.7922964986
-46.3025831171 2.6694666259 -32.7550898978 14.3778117364
-62.0150170174 -11.8404226569 -48.4675237981 -0.1320775464
-66.3317587817 -1.9308784989 -52.7842655624 9.7774666116
-57.3698267376 -24.5974596648 -43.8223335183 -12.8891145543
-37.0185210681 3.0109994090 -23.4710278488 14.7193445195
-73.7649820898 -2.8496551926 -60.2174888705 8.8586899179
-67.4507425293 3.2391294865 -53.9032493100 14.9474745970
-33.2678775156 0.6510534133 -19.7203842963 12.3593985238
-63.1339282378 -6.3301080708 -49.5864350185 5.3782370397
-34.2342752686 -29.1819991212 -20.6867820493 -17.4736540107
-48.0145424773 -30.3877831875 -34.4670492580 -18.6794380770
-38.7143141767 2.9745922031 -25.1668209574 14.6829373136
-61.4378604132 -27.5378745201 -47.8903671939 -15.8295294096
-40.6383847364 2.7220637841 -27.0908915171 14.4304088946
-68.9804026778 -14.0253837990 -55.4329094585 -2.3170386885
-62.7823087588 -5.4769927854 -49.2348155395 6.2313523251
-54.1936957526 -13.6997078070 -40.6462025333 -1.9913626965
-61.0916268109 -10.0077670207 -47.5441335916 1.7005780898
-59.1398303723 -8.2239657330 -45.5923371530 3.4843793775
-35.9366985719 -27.9764517497 -22.3892053526 -16.2681066392
-47.0858095235 -0.6533810951 -33.5383163042 11.0549640154
-31.5639542720 -4.8318916059 -18.0164610527 6.8764535046
-38.0620718622 -0.9026826569 -24.5145786429 10.8056624536
-45.8915546154 -32.3302113787 -32.3440613961 -20.6218662682
-49.4229081828 -14.1204348221 -35.8754149635 -2.4120897116
-67.0702342757 -29.0819060838 -53.5227410564 -17.3735609733
-47.3952528379 2.7319784698 -33.8477596186 14.4403235803
-71.2622434410 0.0972734231 -57.7147502217 11.8056185336
-69.7563987578 -2.5538091652 -56.2089055385 9.1545359453
-37.7917909112 -25.7468215451 -24.2442976919 -14.0384764346
-60.2374442665 -31.7927374164 -46.6899510472 -20.0843923059
-32.0241336006 -4.7407898464 -18.4766403813 6.9675552641
-48.5340825472 -25.3469095001 -34.9865893279 -13.6385643896
-58.1192516755 1.0991058149 -44.5717584562 12.8074509254
-34.7398710610 -26.1594632980 -21.1923778417 -14.4511181875
-72.1532322340 -15.5895212659 -58.6057390147 -3.8811761554
-72.0785987621 4.5186844489 -58.5311055428 16.2270295594
-64.6832005114 -1.0327757106 -51.1357072921 10.6755693999
-36.8699861677 -1.4079308099 -23.3224929484 10.3004143006
-34.4993278463 -19.4502857160 -20.9518346270 -7.7419406055
-59.0215528849 -32.6530602631 -45.4740596656 -20.9447151526
-52.0513128637 2.1855536663 -38.5038196444 13.8938987768
-30.5167676753 -12.4173683545 -16.9692744560 -0.7090232440
-38.4125760959 -31.5326575525 -24.8650828766 -19.8243124420
-58.3768415831 -10.7313324838 -44.8293483638 0.9770126267
-62.1726249908 -8.3560501929 -48.6251317715 3.3522949176
-45.0994345301 -26.2811561204 -31.5519413108 -14.5728110099
-56.2080829907 -25.7943777976 -42.6605897714 -14.0860326871
-55.6334868559 -4.6510766517 -42.0859936366 7.0572684588
-69.6283978708 -22.9768035093 -56.0809046515 -11.2684583988
-31.5459420356 -28.3782976447 -17.9984488163 -16.6699525342
-40.5200063754 4.5987529833 -26.9725131561 16.3070980938
-68.6614737119 3.2343996607 -55.1139804926 14.9427447712
-36.9278685440 2.9507088690 -23.3803753247 14.6590539795
-38.9406191357 -6.6026895439 -25.3931259164 5.1056555666
-60.1453220621 -29.5353935796 -46.5978288428 -17.8270484691
-41.3177263653 -2.8096313389 -27.7702331460 8.8987137716
-72.6999456175 -6.9546942743 -59.1524523982 4.7536508362
-58.6728483314 -1.8726925693 -45.1253551121 9.8356525412
-40.4286283478 -7.0038569221 -26.8811351285 4.7044881884
-55.6378565735 -33.5446936167 -42.0903633542 -21.8363485062
-58.8266328860 -31.9337746804 -45.2791396667 -20.2254295699
-65.1189797830 -5.2624268995 -51.5714865637 6.4459182110
-62.6917760339 -10.2039609602 -49.1442828146 1.5043841503
-52.5247076649 -20.2012871346 -38.9772144456 -8.4929420241
-34.2884816779 -17.5297232462 -20.7409884586 -5.8213781357
-52.1061503375 -9.5249519370 -38.5586571182 2.1833931735
-56.0161583511 -10.2170606673 -42.4686651318 1.4912844432
-48.3326628142 -25.1984897707 -34.7851695949 -13.4901446602
-49.4617410299 -20.2975802240 -35.9142478106 -8.5892351135
-32.6921911384 -0.5716083906 -19.1446979191 11.1367367199
-53.5564218446 -8.8347917955 -40.0089286253 2.8735533150
-44.9663551187 -14.9606764092 -31.4188618994 -3.2523312987
-59.3236901493 4.5860808681 -45.7761969300 16.2944259786
-60.5315462974 -31.0825176239 -46.9840530781 -19.3741725134
-43.8515504865 -6.2430737587 -30.3040572672 5.4652713518
-70.6745396887 -33.6111799675 -57.1270464694 -21.9028348570
-40.0693510544 -23.2031065985 -26.5218578351 -11.4947614880
-40.8755563712 -33.6828636092 -27.3280631519 -21.9745184987
-34.5503324806 -25.5927901636 -21.0028392613 -13.8844450531
-58.2439580940 -4.3656947205 -44.6964648747 7.3426503900
-45.7918816106 -1.2137811621 -32.2443883913 10.4945639484
-57.1265808379 -32.8591634000 -43.5790876186 -21.1508182895
-54.2803895818 3.0131213208 -40.7328963625 14.7214664313
-63.0730347098 4.4971266453 -49.5255414905 16.2054717558
-61.0534934761 -27.6366951592 -47.5060002568 -15.9283500487
-36.5118508047 -4.8952953990 -22.9643575854 6.8130497115
-38.0961112048 -15.2892182370 -24.5486179855 -3.5808731265
-64.0289399047 -29.0666527518 -50.4814466854 -17.3583076413
-53.4383772476 -13.4950205138 -39.8908840283 -1.7866754033
-65.4930876832 -28.9544102215 -51.9455944639 -17.2460651110
-63.8925461530 -23.5264272552 -50.3450529337 -11.8180821447
-68.2890789807 4.3071945963 -54.7415857614 16.0155397068
-49.9654931926 -0.1892426950 -36.4179999733 11.5191024155
-29.8856814177 -17.9144640865 -16.3381881984 -6.2061189760
-70.8858672620 -21.0376824306 -57.3383740427 -9.3293373201
-66.8339184368 -6.6824089606 -53.2864252175 5.0259361499
-66.8007157962 -12.9764851916 -53.2532225769 -1.2681400811
-41.6484459353 -10.4879851492 -28.1009527160 1.2203599613
-52.5824000278 3.6507288661 -39.0349068085 15.3590739766
-47.9858930908 -4.0535025012 -34.4383998715 7.6548426093
-68.8076743673 -17.8988370114 -55.2601811480 -6.1904919009
-51.4084659255 1.7646840782 -37.8609727062 13.4730291887
-34.2969176931 -5.6104494357 -20.7494244738 6.0978956748
-72.6445547582 -20.6968723627 -59.0970615389 -8.9885272522
-63.1605491333 -25.2290017414 -49.6130559140 -13.5206566309
-53.3461905488 -15.6492439673 -39.7986973295 -3.9408988568
-52.3096161834 -10.9669184122 -38.7621229641 0.7414266983
-54.1776496157 -33.2628255243 -40.6301563964 -21.5544804138
-53.9625620034 -17.5233981110 -40.4150687841 -5.8150530005
-55.1119029022 -13.7438737112 -41.5644096829 -2.0355286007
-40.5139383771 -11.2353110736 -26.9664451578 0.4730340369
-64.6888352601 1.4095931735 -51.1413420408 13.1179382840
-69.0689777357 2.2542822936 -55.5214845164 13.9626274041
-51.5584166523 -10.9808398632 -38.0109234330 0.7275052473
-34.2214189624 -30.9027472419 -20.6739257431 -19.1944021314
-58.4499283684 5.1133651394 -44.9024351491 16.8217102499
-52.3630215128 -0.7888199737 -38.8155282935 10.9195251368
-33.0955359817 -19.7675021939 -19.5480427624 -8.0591570834
-48.4584572461 2.7704007987 -34.9109640268 14.4787459092
-42.7162020205 -2.3104190860 -29.1687088012 9.3979260245
-67.0403903035 -27.8935198330 -53.4928970842 -16.1851747225
-61.8347587667 -8.9918926315 -48.2872655474 2.7164524790
-40.8603192208 -6.1073921515 -27.3128260015 5.6009529590
-44.7877729637 -26.8222790978 -31.2402797444 -15.1139339873
-68.3967072477 -31.2098704224 -54.8492140284 -19.5015253119
-42.8339676117 0.0302665036 -29.2864743924 11.7386116141
-45.0081543269 1.2297018270 -31.4606611076 12.9380469375
-39.3879569200 -4.4348404534 -25.8404637007 7.2735046571
-37.0227411681 -23.4720290790 -23.4752479488 -11.7636839685
-58.8911669271 -6.4445015000 -45.3436737078 5.2638436105
-58.8116511895 -7.2557023900 -45.2641579702 4.4526427205
-42.5942213132 -1.9264062132 -29.0467280939 9.7819388973
-50.3621467114 -10.2865839415 -36.8146534921 1.4217611690
-66.1555797822 -30.2772885715 -52.6080865629 -18.5689434610
-49.7508159090 0.0638543440 -36.2033226897 11.7721994545
-33.6022674380 -6.7804638309 -20.0547742187 4.9278812796
-73.2551422461 -27.3530504380 -59.7076490268 -15.6447053275
-59.3038698003 -4.4679664263 -45.7563765810 7.2403786842
-34.6120916670 4.1950627259 -21.0645984477 15.9034078364
-32.1009998131 5.1309044558 -18.5535065938 16.8392495663
-72.3122865040 -9.6342610252 -58.7647932847 2.0740840853
-35.0821016614 -7.2378518847 -21.5346084421 4.4704932258
-50.7787381496 -9.2324661621 -37.2312449303 2.4758789484
-54.5602300155 -20.7540718397 -41.0127367962 -9.0457267292
-33.7374000068 -3.8940523818 -20.1899067875 7.8142927287
-72.5249180742 -24.8571342360 -58.9774248549 -13.1487891255
-53.9551493601 -5.3353894275 -40.4076561408 6.3729556830
-72.0446917517 4.0000431192 -58.4971985324 15.7083882297
-59.1298645354 -25.2831285836 -45.5823713161 -13.5747834731
-71.4588678821 0.0561637610 -57.9113746628 11.7645088715
-70.2347104375 3.3571842162 -56.6872172182 15.0655293267
-48.8345437578 -29.8546194557 -35.2870505385 -18.1462743452
-68.8191293778 0.6976637405 -55.2716361585 12.4060088510
-35.6096604995 4.7658284965 -22.0621672802 16.4741736070
-35.3927134441 -3.3906940800 -21.8452202248 8.3176510305
-29.6026770815 1.0722390246 -16.0551838622 12.7805841351
-56.1249063425 -0.7755928869 -42.5774131232 10.9327522236
-48.1880979010 1.7648059876 -34.6406046817 13.4731510981
-52.6341159294 -33.6718019784 -39.0866227101 -21.9634568679
-63.0260916837 -19.5182339991 -49.4785984644 -7.8098888886
-39.3623819600 -22.9935189372 -25.8148887407 -11.2851738267
-47.2415350066 -25.5212888591 -33.6940417873 -13.8129437486
-73.8328062464 -8.9367713584 -60.2853130271 2.7715737521
-65.9557952446 -20.7565614608 -52.4083020253 -9.0482163503
-35.4908446410 -24.6041709194 -21.9433514217 -12.8958258089
-65.0060083061 2.7829631626 -51.4585150868 14.4913082731
-65.6384555478 -4.2303775151 -52.0909623285 7.4779675954
-72.3780648842 -22.0485326521 -58.8305716649 -10.3401875416
-45.1416227230 0.8278951510 -31.5941295037 12.5362402615
-61.0514630715 -14.4734840885 -47.5039698522 -2.7651389780
-44.0193535492 -23.2194679836 -30.4718603299 -11.5111228731
-56.5603039683 -31.4212507964 -43.0128107490 -19.7129056859
