-68.8181975009 3.6274623490 -50.7548732085 19.2385891630
-30.2105615058 -10.8087996285 -12.1472372134 4.8023271855
-30.6593868867 -25.4513904061 -12.5960625943 -9.8402635921
-30.9864864884 -5.3880566636 -12.9231621960 10.2230701504
-51.9503200695 -12.4802645550 -33.8869957771 3.1308622590
-31.6602679987 -14.5516803820 -13.5969437063 1.0594464320
-65.8352161063 -29.2362710080 -47.7718918139 -13.6251441940
-36.7501434256 -32.4426155644 -18.6868191332 -16.8314887504
-58.1933834710 -32.8143192880 -40.1300591786 -17.2031924740
-30.2142729479 -12.8652912864 -12.1509486555 2.7458355276
-38.7593609177 -33.5369884401 -20.6960366253 -17.9258616261
-36.2937703145 -17.3830903048 -18.2304460221 -1.7719634908
-33.7427203167 -29.0022078212 -15.6793960243 -13.3910810072
-32.7562876610 -12.0775719271 -14.6929633686 3.5335548869
-56.3203413919 -22.0634991661 -38.2570170995 -6.4523723521
-46.2273016317 -13.9945993312 -28.1639773393 1.6165274828
-62.3859613725 -10.9331302244 -44.3226370801 4.6779965896
-69.7535094450 -25.2860561738 -51.6901851526 -9.6749293598
-37.9954842010 -31.9361123327 -19.9321599086 -16.3249855187
-31.3880849378 -22.6072926660 -13.3247606454 -6.9961658520
-47.2889853026 0.6386789477 -29.2256610102 16.2498057617
-38.8915876875 -3.6112754750 -20.8282633951 11.9998513390
-28.9853840539 -10.2450775829 -10.9220597615 5.3660492311
-37.6129192782 -20.2158966617 -19.5495949858 -4.6047698477
-45.7188507189 -3.4914061333 -27.6555264265 12.1197206807
-34.1732636657 -17.8819563479 -16.1099393733 -2.2708295339
-38.7404979111 -5.7728745606 -20.6771736187 9.8382522534
-36.7001631305 -7.5153505184 -18.6368388381 8.0957762956
-36.1332352192 -4.8994837200 -18.0699109268 10.7116430940
-63.7245707198 -24.7746208606 -45.6612464274 -9.1634940466
-72.2523210467 -0.8696078612 -54.1889967543 14.7415189528
-40.7547726258 -22.2046994304 -22.6914483334 -6.5935726164
-54.7107033630 -1.3504818437 -36.6473790706 14.2606449703
-50.8462877584 -24.9929384614 -32.7829634660 -9.3818116474
-34.4109351264 -15.9427311337 -16.3476108340 -0.3316043197
-50.9729597087 -15.4808337380 -32.9096354163 0.1302930760
-58.7620042588 -22.5370668494 -40.6986799664 -6.9259400354
-63.1450896908 -20.7073239917 -45.0817653984 -5.0961971777
-33.8272463623 -31.9516799795 -15.7639220699 -16.3405531655
-43.2471236906 -13.6194039771 -25.1837993982 1.9917228369
-36.9061690481 -11.7822712756 -18.8428447557 3.8288555384
-32.3452765498 -10.2493433603 -14.2819522574 5.3617834537
-61.3666999415 -4.5442696700 -43.3033756491 11.0668571440
-61.6091638132 -29.1359079451 -43.5458395208 -13.5247811311
-51.9811690768 -14.1632960696 -33.9178447844 1.4478307444
-58.2744796248 -13.2124160032 -40.2111553324 2.3987108108
-58.4482640065 -30.4576116716 -40.3849397141 -14.8464848576
-36.8761188917 -3.6413217617 -18.8127945993 11.9698050523
-32.7001914225 -20.6857337298 -14.6368671301 -5.0746069158
-29.0278120556 -2.8725503656 -10.9644877632 12.7385764484
-38.2777472204 -14.0123540246 -20.2144229280 1.5987727894
-62.2903255619 -28.7381967949 -44.2270012695 -13.1270699809
-38.1862869924 -14.2511730619 -20.1229627000 1.3599537521
-53.1081076449 -7.1094279983 -35.0447833525 8.5016988157
-49.3560813228 -28.1466040959 -31.2927570304 -12.5354772819
-65.0389090409 -19.4238018284 -46.9755847485 -3.8126750144
-42.0965865659 -29.0358720459 -24.0332622735 -13.4247452319
-30.2298851832 4.7381161183 -12.1665608908 20.3492429323
-34.7505931240 -24.2435187946 -16.6872688316 -8.6323919806
-69.2841895001 -19.8295748149 -51.2208652077 -4.2184480009
-40.3354406304 -16.0861833247 -22.2721163380 -0.4750565107
-34.1279094463 -30.2453985222 -16.0645851539 -14.6342717082
-49.7505784764 -6.2369689256 -31.6872541840 9.3741578884
-35.1053291074 -16.1297511855 -17.0420048150 -0.5186243715
-72.2057135931 -0.2988431810 -54.1423893007 15.3122836330
-63.0411750319 -1.3290301929 -44.9778507395 14.2820966211
-57.6131915113 -14.1613654001 -39.5498672189 1.4497614139
-30.6858693937 -27.6662978248 -12.6225451013 -12.0551710108
-73.9295729685 -17.2906104484 -55.8662486761 -1.6794836344
-36.1339797324 -12.3932541776 -18.0706554400 3.2178726364
-48.4701762482 -32.3102375258 -30.4068519558 -16.6991107118
-32.7105617422 -23.1439525899 -14.6472374498 -7.5328257759
-66.8780422169 0.7319361132 -48.8147179245 16.3430629272
-62.3510171535 -32.7041139616 -44.2876928611 -17.0929871476
-68.2587745269 -19.6093080437 -50.1954502345 -3.9981812297
-56.6813654157 0.3037397804 -38.6180411233 15.9148665944
-37.1982221484 -23.3535422686 -19.1348978560 -7.7424154546
-30.5405768741 -20.0171490387 -12.4772525817 -4.4060222247
-30.1342710319 -1.6062417179 -12.0709467395 14.0048850961
-37.7205383558 -33.3188935949 -19.6572140634 -17.7077667809
-43.2583257496 -31.9548815207 -25.1950014572 -16.3437547067
-35.9861025396 -32.0497789030 -17.9227782472 -16.4386520890
-49.2558711034 -2.4930134496 -31.1925468110 13.1181133644
-64.9919636386 -12.3066480751 -46.9286393462 3.3044787389
-63.9452275770 -32.2696652250 -45.8819032846 -16.6585384110
-69.6337554642 -2.9987011165 -51.5704311718 12.6124256975
-70.6197999762 -33.3226380040 -52.5564756838 -17.7115111900
-71.3031344713 -24.6760579615 -53.2398101789 -9.0649311475
-33.6057319848 -21.3541699233 -15.5424076924 -5.7430431093
-62.2891346351 -32.9079642994 -44.2258103427 -17.2968374854
-43.2937046483 -8.6639063205 -25.2303803559 6.9472204935
-33.6213787699 -14.4368320276 -15.5580544775 1.1742947864
-32.9424320138 -0.3237459530 -14.8791077214 15.2873808610
-35.7616952745 0.6141775246 -17.6983709821 16.2253043386
-43.2871402307 -8.3787439827 -25.2238159383 7.2323828313
-33.7376555238 -19.6685693501 -15.6743312314 -4.0574425361
-42.5649148920 -5.1305025321 -24.5015905996 10.4806242819
-55.7379510942 -24.2277351164 -37.6746268018 -8.6166083024
-49.8750086018 -10.1844706017 -31.8116843094 5.4266562123
-38.1688871683 -4.2128196070 -20.1055628759 11.3983072070
-45.0185152048 0.9878518817 -26.9551909124 16.5989786957
-49.3982970841 -5.7840842164 -31.3349727917 9.8270425976
-33.3096169398 -10.1598541752 -15.2462926474 5.4512726388
-31.1405037232 -2.7033506689 -13.0771794308 12.9077761451
-32.3599295501 -25.6181767570 -14.2966052577 -10.0070499430
-37.1008233102 -10.2553647577 -19.0374990178 5.3557620563
-35.5627955311 -5.9934021613 -17.4994712387 9.6177246527
-69.6248396212 -4.0773943405 -51.5615153288 11.5337324735
-48.3634363292 3.0759594743 -30.3001120368 18.6870862883
-45.0612091957 -24.0806325655 -26.9978849033 -8.4695057515
-47.1897363790 -12.9736126134 -29.1264120866 2.6375142006
-46.5170103932 -22.4420897389 -28.4536861008 -6.8309629249
-62.0019013880 -33.2454128245 -43.9385770956 -17.6342860105
-49.8964051193 -2.5333108545 -31.8330808269 13.0778159595
-46.1475333421 -20.9820707209 -28.0842090497 -5.3709439069
-48.8598032697 -23.6618819268 -30.7964789773 -8.0507551128
-64.1889027731 -29.7911479835 -46.1255784807 -14.1800211695
-29.9670208289 -29.1346846704 -11.9036965365 -13.5235578564
-42.1221890311 2.3160290048 -24.0588647387 17.9271558188
-32.7348365115 -9.2428889494 -14.6715122191 6.3682378646
-68.0164415365 -5.2272129997 -49.9531172441 10.3839138143
-63.6150314058 4.6379064963 -45.5517071134 20.2490333103
-54.0371405069 -20.9961302197 -35.9738162145 -5.3850034057
-40.4054324445 -33.3712600556 -22.3421081521 -17.7601332416
-61.7890630027 -18.7362014587 -43.7257387103 -3.1250746447
-62.3721212490 -0.0286349990 -44.3087969566 15.5824918150
-32.5864742127 0.0488598425 -14.5231499203 15.6599866565
-67.0544185057 -26.6196089266 -48.9910942133 -11.0084821126
-34.3067502515 -6.9184122672 -16.2434259591 8.6927145468
-29.6279427126 -14.4042990821 -11.5646184202 1.2068277319
-73.3370837657 -12.7047299697 -55.2737594733 2.9063968443
-39.9412999725 -24.7003815545 -21.8779756801 -9.0892547405
-45.0668141891 -5.2900098443 -27.0034898967 10.3211169697
-58.1871633736 -20.2247427859 -40.1238390812 -4.6136159719
-44.4951239585 -23.4509642564 -26.4317996661 -7.8398374424
-29.9920896545 -3.0818083189 -11.9287653621 12.5293184951
-29.0786275598 -25.7715651697 -11.0153032674 -10.1604383557
-39.2534596636 -16.7044721443 -21.1901353712 -1.0933453303
-50.0096491673 -13.7168864654 -31.9463248749 1.8942403486
-53.8373127558 -2.4657288268 -35.7739884634 13.1453979872
-33.4465016013 -6.2776704418 -15.3831773089 9.3334563722
-43.9401686738 -1.9407646519 -25.8768443814 13.6703621621
-48.2612227479 -1.7707682909 -30.1978984555 13.8403585231
-28.9423192888 -16.2310433084 -10.8789949964 -0.6199164944
-51.1080678844 4.5088439483 -33.0447435920 20.1199707623
-31.3432244250 -13.3953432917 -13.2799001326 2.2157835223
-50.5372865888 -6.4793860916 -32.4739622964 9.1317407224
-39.9754845378 -27.4974437018 -21.9121602454 -11.8863168878
-54.6721238249 -29.7086537450 -36.6087995325 -14.0975269310
-51.1140718301 -30.5768735559 -33.0507475377 -14.9657467419
-57.4056156496 -14.9676809152 -39.3422913572 0.6434458988
-34.8414703795 -19.6156579134 -16.7781460871 -4.0045310994
-43.0342503980 -8.9082634246 -24.9709261056 6.7028633894
-37.9209791501 -25.2848041664 -19.8576548577 -9.6736773524
-67.2331007562 -24.1737249315 -49.1697764638 -8.5625981175
-73.1635796094 -31.8839175230 -55.1002553170 -16.2727907090
-31.1303829905 -7.0505765462 -13.0670586981 8.5605502678
-35.0335460456 -13.4858857179 -16.9702217532 2.1252410961
-51.2609925426 -0.1629184455 -33.1976682502 15.4482083685
-30.2805465908 -33.3440221938 -12.2172222984 -17.7328953798
-36.0254059620 1.8698658910 -17.9620816696 17.4809927050
-49.9768691992 -19.6834572990 -31.9135449068 -4.0723304850
-46.3875740393 -22.6129530056 -28.3242497469 -7.0018261916
-50.4877611606 -32.2124129169 -32.4244368682 -16.6012861029
-56.4359695014 -32.6809501807 -38.3726452090 -17.0698233667
-68.5479135007 -4.2312703548 -50.4845892083 11.3798564592
-51.0289623494 4.8019860316 -32.9656380570 20.4131128456
-68.6467962344 -26.1657398548 -50.5834719420 -10.5546130408
-45.8052817763 2.0550789821 -27.7419574839 17.6662057961
-55.4280801657 -3.5371069919 -37.3647558733 12.0740198221
-66.6470351433 -16.9789396884 -48.5837108509 -1.3678128744
-36.8806420120 -29.3757210681 -18.8173177196 -13.7645942541
-68.8580651383 -7.0235693820 -50.7947408459 8.5875574320
-45.4899917252 -9.6565408171 -27.4266674328 5.9545859969
-49.3693320181 -10.3563984863 -31.3060077257 5.2547283277
-45.6507752299 -18.6740591232 -27.5874509375 -3.0629323092
-50.8735879368 -27.5177911886 -32.8102636444 -11.9066643746
-40.2783983838 -28.9295495762 -22.2150740914 -13.3184227622
-53.9009660191 -23.3162801152 -35.8376417267 -7.7051533012
-66.6418276933 -1.2023965476 -48.5785034009 14.4087302664
-60.6889604093 -22.6812945867 -42.6256361169 -7.0701677727
-47.3411777935 -2.3959070125 -29.2778535011 13.2152198015
-61.7417821752 -6.0862749158 -43.6784578828 9.5248518982
-28.9437925860 1.2087343248 -10.8804682936 16.8198611388
-45.7184065344 -17.7900535806 -27.6550822420 -2.1789267666
-43.7481036060 -2.9555216103 -25.6847793136 12.6556052037
-36.1261896279 -14.5550769274 -18.0628653355 1.0560498866
-33.3055169125 3.4236278042 -15.2421926201 19.0347546182
-66.0222123017 -12.9707121384 -47.9588880093 2.6404146756
-48.2659695691 -5.5708138822 -30.2026452767 10.0403129318
-68.0453255587 -26.0391557692 -49.9820012663 -10.4280289552
-69.1072501528 -8.6193229290 -51.0439258604 6.9918038850
-57.8653570811 -0.3802521017 -39.8020327887 15.2308747123
-39.3427325935 -2.4377367547 -21.2794083011 13.1733900593
-68.4727759342 2.5591193808 -50.4094516418 18.1702461948
-45.2659157427 -17.4716251866 -27.2025914503 -1.8604983726
-64.3369585607 -24.9072970031 -46.2736342683 -9.2961701891
-64.0423162031 -14.8071635064 -45.9789919107 0.8039633076
-31.7577246862 -25.2348588118 -13.6944003938 -9.6237319978
-56.7884617884 -11.8304475980 -38.7251374960 3.7806792160
-45.6789493939 -31.7602986291 -27.6156251015 -16.1491718151
-58.1625407513 -15.5717683355 -40.0992164589 0.0393584785
-49.4862788655 -23.9228916139 -31.4229545731 -8.3117647999
-55.1103616410 -5.6718845398 -37.0470373486 9.9392422742
-38.5845341544 4.8132667287 -20.5212098620 20.4243935427
-54.0626925879 2.0014229489 -35.9993682955 17.6125497629
-65.6140438621 -12.2932511365 -47.5507195697 3.3178756775
-48.7114303306 -12.5606986542 -30.6481060382 3.0504281598
-55.7182483994 -20.9724522126 -37.6549241070 -5.3613253986
-58.4083811655 -13.1757151822 -40.3450568731 2.4354116318
-62.3596910428 4.5557515435 -44.2963667504 20.1668783575
-31.3571070260 -15.3411877831 -13.2937827336 0.2699390309
-64.6023583185 -27.3205522952 -46.5390340261 -11.7094254812
-30.7797367094 -28.1507971239 -12.7164124170 -12.5396703099
-56.7064998712 -20.5524601982 -38.6431755788 -4.9413333842
-42.1571820993 -33.3581861553 -24.0938578069 -17.7470593413
-56.4257317453 -31.5728936573 -38.3624074529 -15.9617668433
-52.5115561609 2.6218200136 -34.4482318685 18.2329468276
-60.1087483463 1.1440423040 -42.0454240539 16.7551691180
-44.5831588999 -30.1672517158 -26.5198346075 -14.5561249018
-34.1609061129 -30.1262597287 -16.0975818205 -14.5151329147
-73.6441100668 -31.1020767700 -55.5807857744 -15.4909499560
-44.9784513506 -11.5894084742 -26.9151270582 4.0217183398
-46.4170080403 -31.8986938305 -28.3536837479 -16.2875670165
-33.5723604224 3.5609264747 -15.5090361300 19.1720532887
-48.0503811847 -27.7808732640 -29.9870568923 -12.1697464500
-31.6623432360 -13.4996120556 -13.5990189436 2.1115147584
-45.7913581907 -28.0683642400 -27.7280338983 -12.4572374260
-43.1278792928 -11.0482750106 -25.0645550004 4.5628518034
-60.9457524333 -31.1534381137 -42.8824281409 -15.5423112997
-32.4602612510 5.0495482753 -14.3969369586 20.6606750893
-70.5407963031 -21.6913567102 -52.4774720107 -6.0802298962
-71.7436252363 -12.1916243987 -53.6803009439 3.4195024153
-63.1189714811 -19.7969933455 -45.0556471887 -4.1858665315
-53.8369273669 1.0747190500 -35.7736030745 16.6858458640
-53.7083131844 -20.9237698242 -35.6449888920 -5.3126430102
-29.5106389699 -15.9079364840 -11.4473146775 -0.2968096700
-56.0937513288 -9.2489142178 -38.0304270364 6.3622125962
-72.8706207706 -33.4664847106 -54.8072964782 -17.8553578966
-43.5067579026 2.1629316810 -25.4434336102 17.7740584950
-30.4988056969 -23.9998797533 -12.4354814045 -8.3887529393
-70.6960005113 1.4054400369 -52.6326762189 17.0165668509
-39.2855951510 -6.5178653043 -21.2222708586 9.0932615097
-71.9051291136 -16.0975188156 -53.8418048212 -0.4863920016
-61.3794214342 -20.6599482591 -43.3160971418 -5.0488214451
-50.5688214819 -25.9725552691 -32.5054971895 -10.3614284551
-59.1164732016 -10.5126268372 -41.0531489092 5.0984999768
-51.0466435346 -18.9394250930 -32.9833192422 -3.3282982790
-67.3246273711 -4.5113113498 -49.2613030787 11.0998154642
-40.7168183696 -10.5575130577 -22.6534940772 5.0536137563
-45.0304024977 -26.4785261737 -26.9670782053 -10.8673993597
-32.3220453397 -9.2938127056 -14.2587210473 6.3173141084
-44.9402119272 -21.2849921683 -26.8768876348 -5.6738653543
-62.5094103722 -7.6616702899 -44.4460860798 7.9494565241
-59.2475239117 2.5318023360 -41.1841996193 18.1429291500
-47.4164709708 -22.4348978070 -29.3531466784 -6.8237709930
-65.8942752362 -7.9223599374 -47.8309509438 7.6887668766
-65.3867571676 3.2545680998 -47.3234328752 18.8656949138
-57.7624872851 -24.4980617186 -39.6991629927 -8.8869349046
-55.9143127050 -8.8120453019 -37.8509884126 6.7990815121
-48.1471141982 2.1282296628 -30.0837899058 17.7393564768
-36.1442485055 1.4537273645 -18.0809242131 17.0648541785
-50.7554090940 -20.2263752061 -32.6920848016 -4.6152483921
-61.2863429177 -7.8943281374 -43.2230186253 7.7167986766
-69.6774749298 -33.0277959124 -51.6141506374 -17.4166690984
-62.4042483040 -4.9799585829 -44.3409240116 10.6311682311
-64.7492606942 -26.7388038043 -46.6859364018 -11.1276769903
-57.5698867272 -0.6428303646 -39.5065624348 14.9682964494
-51.4630581652 -9.6221779574 -33.3997338728 5.9889488566
-50.6629624201 -1.5253184723 -32.5996381277 14.0858083417
-49.2581224963 -29.6367360619 -31.1947982039 -14.0256092479
-68.7778795386 -5.3641327840 -50.7145552462 10.2469940300
-39.3545619740 -21.7953537767 -21.2912376816 -6.1842269627
-43.4949252206 -28.8050009681 -25.4316009282 -13.1938741541
-49.4608693365 -30.7860121804 -31.3975450441 -15.1748853664
-39.4216150795 -29.2292881469 -21.3582907871 -13.6181613329
-29.0550292135 -10.1795094968 -10.9917049211 5.4316173172
-73.1925387664 -13.8478594191 -55.1292144740 1.7632673949
-31.0777234991 -22.0669382563 -13.0143992067 -6.4558114423
-66.2114426256 -31.9492510042 -48.1481183332 -16.3381241902
-59.6447000934 -16.9997084789 -41.5813758010 -1.3885816649
-38.6257329575 -13.3511018755 -20.5624086651 2.2600249385
-46.5046416532 -28.0086606210 -28.4413173608 -12.3975338070
-57.2460905099 -29.5401709479 -39.1827662175 -13.9290441339
-39.4375739062 0.8958873782 -21.3742496138 16.5070141922
-31.8409389964 -21.5268939451 -13.7776147040 -5.9157671311
-29.1511434220 -31.8313854268 -11.0878191296 -16.2202586128
-72.1690619879 -4.0778073389 -54.1057376955 11.5333194751
-57.9461123212 -5.8062711224 -39.8827880288 9.8048556916
-33.9437225292 1.3297996623 -15.8803982368 16.9409264763
-38.2358822561 -8.2777172510 -20.1725579637 7.3334095630
-73.3359330453 -3.0279284943 -55.2726087529 12.5831983197
-62.4104798198 -32.4807290123 -44.3471555274 -16.8696021983
-60.5806283822 -25.6687911961 -42.5173040898 -10.0576643821
-59.0116998658 -15.4236551971 -40.9483755734 0.1874716169
-62.5643696009 -8.3924470580 -44.5010453085 7.2186797560
-33.4121082863 -32.3251144614 -15.3487839939 -16.7139876474
-66.2130178478 -13.9397386514 -48.1496935554 1.6713881626
-65.7066900962 -12.5431609008 -47.6433658038 3.0679659132
-46.2054176110 3.2853407183 -28.1420933186 18.8964675323
-54.5308183887 -12.3232616936 -36.4674940963 3.2878651204
-62.1609282579 -17.1938019153 -44.0976039655 -1.5826751013
-46.9861429954 -21.9382596649 -28.9228187030 -6.3271328509
-65.6669458329 3.4685680371 -47.6036215405 19.0796948511
-73.1566345763 -30.9600973065 -55.0933102839 -15.3489704925
-35.5018940754 -2.1146767822 -17.4385697830 13.4964500318
-41.2969738238 0.0931994877 -23.2336495314 15.7043263017
-47.0043961552 4.5270960207 -28.9410718628 20.1382228347
-33.3706452814 1.1759271011 -15.3073209890 16.7870539151
-65.5166248156 -24.7130594671 -47.4533005232 -9.1019326531
-57.5397526672 -16.5376000315 -39.4764283748 -0.9264732175
-34.2014022074 -23.4767714992 -16.1380779150 -7.8656446852
-52.4337540970 -31.6547351858 -34.3704298046 -16.0436083718
-39.1895787460 -7.9465351962 -21.1262544536 7.6645916178
-47.0361855138 -18.6742824240 -28.9728612214 -3.0631556100
-46.4473652966 -32.6508493364 -28.3840410042 -17.0397225224
-31.7623208173 0.2915725863 -13.6989965249 15.9026994003
-53.5699335874 -12.9300539121 -35.5066092950 2.6810729019
-66.1009409223 -8.8941231981 -48.0376166299 6.7170036159
-52.0016869825 -26.1968976113 -33.9383626901 -10.5857707973
-42.0102048833 -20.4966149377 -23.9468805909 -4.8854881237
-73.8127494531 -16.8698977179 -55.7494251607 -1.2587709039
-64.6623760526 -10.2598593971 -46.5990517602 5.3512674169
-55.3356002248 -29.5966247017 -37.2722759324 -13.9854978877
-51.5648272677 -10.2901765998 -33.5015029753 5.3209502142
-58.7363343342 -0.1373401192 -40.6730100418 15.4737866948
-72.0958765790 -25.1930533679 -54.0325522866 -9.5819265539
-68.3774087203 -13.4683537983 -50.3140844279 2.1427730157
-61.6731244498 1.1915155388 -43.6098001574 16.8026423528
-65.8327319702 0.2042697389 -47.7694076778 15.8153965529
-61.2829516762 -2.8817631996 -43.2196273838 12.7293636144
-33.4389709672 -25.2859907119 -15.3756466748 -9.6748638979
-44.0510479433 -20.0690935232 -25.9877236509 -4.4579667092
-40.1147041804 -1.0425574373 -22.0513798880 14.5685693767
-29.4084410758 -24.4832102262 -11.3451167834 -8.8720834122
-72.5722214863 -6.5952998998 -54.5088971939 9.0158269142
-47.9409400947 -32.3567091692 -29.8776158023 -16.7455823552
-68.2051032924 -3.1611032879 -50.1417790000 12.4500235261
-45.2064628967 -12.6136790421 -27.1431386043 2.9974477719
-33.7989945822 -28.5061805895 -15.7356702898 -12.8950537755
-67.5555856587 -24.8452748325 -49.4922613663 -9.2341480185
-29.0385271792 -26.5373120004 -10.9752028868 -10.9261851864
-53.7940333110 -29.0633120724 -35.7307090186 -13.4521852584
-42.1854392416 -5.6361623749 -24.1221149492 9.9749644391
-73.3038912398 0.8015825145 -55.2405669474 16.4127093285
-47.3391248254 -22.1602431461 -29.2758005330 -6.5491163321
-43.4609255797 -14.6841519608 -25.3976012873 0.9269748532
-50.7947725316 -20.5038680788 -32.7314482392 -4.8927412648
-36.1079681791 -23.4401411560 -18.0446438867 -7.8290143420
-65.9849302417 -1.4943248974 -47.9216059493 14.1168019166
-51.3468357279 -25.5915602918 -33.2835114355 -9.9804334778
-50.4143338191 -30.6810392202 -32.3510095267 -15.0699124062
-62.9464690164 -8.3605021421 -44.8831447240 7.2506246719
-35.0537490498 0.6851163517 -16.9904247574 16.2962431657
-65.3227977297 -4.3777331899 -47.2594734373 11.2333936241
-73.2451899095 -20.6837165533 -55.1818656171 -5.0725897393
-29.7090404015 -33.2702646918 -11.6457161091 -17.6591378778
-50.5341919540 -17.0391988787 -32.4708676616 -1.4280720647
-68.0206208622 -25.0045570447 -49.9572965698 -9.3934302307
-67.2911993473 -27.9832359900 -49.2278750549 -12.3721091760
-69.0587702816 -4.9129336169 -50.9954459892 10.6981931971
-53.9157013669 -3.0888349424 -35.8523770745 12.5222918716
-63.7293877972 3.6602413851 -45.6660635048 19.2713681991
-68.3526372373 -31.1560108070 -50.2893129449 -15.5448839930
-63.9409184636 -21.9448082463 -45.8775941712 -6.3336814323
-33.6747331052 -5.4811138271 -15.6114088128 10.1300129869
-50.8990655770 -17.5456402288 -32.8357412846 -1.9345134148
-37.7381870940 -4.2346836200 -19.6748628016 11.3764431940
-71.0294718888 -7.7821582476 -52.9661475964 7.8289685664
-45.1611235864 -23.6860032823 -27.0977992940 -8.0748764683
-55.1239584019 -8.1763112515 -37.0606341095 7.4348155625
-47.2349993559 -18.1885791872 -29.1716750635 -2.5774523732
-43.8526877066 -29.3686110816 -25.7893634142 -13.7574842676
-36.6570403899 -2.5301983465 -18.5937160975 13.0809284675
-58.8097903796 4.3189980066 -40.7464660872 19.9301248206
-31.2021670407 -16.3540053305 -13.1388427483 -0.7428785165
-41.7412209898 -18.4347761465 -23.6778966974 -2.8236493325
-63.5509136234 3.0032990667 -45.4875893310 18.6144258807
-58.1493101592 -19.8412230213 -40.0859858668 -4.2300962073
-73.6289326373 -11.3601142595 -55.5656083449 4.2510125545
-44.2454647098 1.4190898631 -26.1821404174 17.0302166771
-60.5406399151 -27.1002624798 -42.4773156227 -11.4891356658
-59.7137005199 -29.8090608793 -41.6503762275 -14.1979340653
-32.1527219601 -18.8383724456 -14.0893976677 -3.2272456316
-39.3917310270 -11.6901931135 -21.3284067346 3.9209337005
-45.0997883973 -26.5567902916 -27.0364641049 -10.9456634776
-64.0411269165 -24.6719582376 -45.9778026241 -9.0608314236
-47.6696560853 0.9090569996 -29.6063317929 16.5201838136
-58.4249469161 -17.7510102186 -40.3616226237 -2.1398834046
-42.9297803138 -7.1637830664 -24.8664560214 8.4473437476
-56.5959040445 -8.9402554286 -38.5325797521 6.6708713854
-68.2659550368 -29.8594446209 -50.2026307444 -14.2483178069
-72.7290943672 -19.7663084152 -54.6657700748 -4.1551816012
-72.1287016953 -18.9552460455 -54.0653774029 -3.3441192315
-41.7247658700 -31.8145370399 -23.6614415776 -16.2034102259
-30.9729795191 -19.1714253782 -12.9096552267 -3.5602985642
-31.0656464452 -23.9622681188 -13.0023221528 -8.3511413048
-49.4357287196 -23.3276772695 -31.3724044272 -7.7165504555
-58.1134142964 -15.3844966499 -40.0500900040 0.2266301641
-44.6851764959 -29.1404107990 -26.6218522035 -13.5292839850
-72.3815748524 -22.4682881171 -54.3182505600 -6.8571613031
-60.3418025843 -23.7468738737 -42.2784782919 -8.1357470597
-50.4407204784 0.8073837916 -32.3773961860 16.4185106056
-67.4791735141 0.0691386871 -49.4158492217 15.6802655011
-60.6591229979 -1.2646379662 -42.5957987055 14.3464888478
-49.2630617912 -7.1813183845 -31.1997374988 8.4298084295
-52.8618690355 -7.4181125216 -34.7985447431 8.1930142924
-38.7548091987 -14.3856046790 -20.6914849063 1.2255221350
-72.5085425893 -1.6747712518 -54.4452182969 13.9363555622
-34.4737142990 -4.5698150292 -16.4103900066 11.0413117848
-34.6454915967 -1.4340737217 -16.5821673043 14.1770530923
-68.5245069131 -1.6626181424 -50.4611826207 13.9485086716
-70.4395918574 -7.7907909394 -52.3762675650 7.8203358746
-69.9697636121 -16.9455335127 -51.9064393197 -1.3344066987
-67.8696541655 -4.9342078011 -49.8063298731 10.6769190129
-49.2208085571 -27.0556570799 -31.1574842647 -11.4445302659
-72.7608728331 -0.5331910413 -54.6975485407 15.0779357727
-54.6782771359 -12.3206049649 -36.6149528435 3.2905218491
-40.7367269331 -11.4182105017 -22.6734026407 4.1929163123
-55.2299178280 -32.5029304572 -37.1665935356 -16.8918036432
-55.7290615788 3.8482096157 -37.6657372864 19.4593364297
-41.8135340744 0.3065784101 -23.7502097820 15.9177052241
-45.1846535481 -14.5028745211 -27.1213292557 1.1082522929
-57.3445511390 -7.5600035698 -39.2812268466 8.0511232442
-59.7728220202 -24.2255567388 -41.7094977278 -8.6144299248
-55.0891617187 -26.4726337917 -37.0258374263 -10.8615069777
-70.7442378611 -12.6767387336 -52.6809135687 2.9343880804
-73.6087302429 -27.8616520283 -55.5454059505 -12.2505252143
-64.7365613445 -29.9312270914 -46.6732370521 -14.3201002774
-47.7411822212 -20.4484970076 -29.6778579288 -4.8373701936
-36.2377803119 -28.6709925449 -18.1744560195 -13.0598657309
-50.8617908770 -0.0457935027 -32.7984665846 15.5653333113
-29.6872590418 2.9432693381 -11.6239347494 18.5543961521
-55.3629035785 -5.7356705631 -37.2995792861 9.8754562509
-50.8601757427 -1.4235444727 -32.7968514503 14.1875823413
-40.1408037379 2.0365306232 -22.0774794455 17.6476574372
-38.2484581056 -15.7007125542 -20.1851338132 -0.0895857402
-38.3428250369 -16.9787345613 -20.2795007445 -1.3676077473
-30.8436489384 -27.5694140161 -12.7803246460 -11.9582872021
-69.4472756441 -23.1869125754 -51.3839513517 -7.5757857614
-55.8266094668 -13.4742364574 -37.7632851744 2.1368903566
-53.3557524076 -15.2324638713 -35.2924281152 0.3786629427
-71.3127630956 -15.5726609934 -53.2494388032 0.0384658206
-45.7590234164 -23.4241846092 -27.6956991240 -7.8130577952
-48.5473228755 -25.6791641146 -30.4839985831 -10.0680373006
-46.6598862991 -18.1471856512 -28.5965620067 -2.5360588372
-58.7831642691 -29.1546983783 -40.7198399767 -13.5435715643
-62.1047241854 -21.3322029197 -44.0413998930 -5.7210761057
-71.3827130420 -7.3650573487 -53.3193887496 8.2460694653
-72.3736878697 -11.4920499491 -54.3103635773 4.1190768649
-51.2231062503 -3.0843371954 -33.1597819579 12.5267896186
-51.9947832072 -22.1974334768 -33.9314589148 -6.5863066628
-62.7897972939 -22.9459070549 -44.7264730015 -7.3347802409
-41.2256438836 -25.7943165521 -23.1623195912 -10.1831897381
-54.3459522940 -1.4927688433 -36.2826280016 14.1183579707
-52.5708850230 -1.0603374467 -34.5075607306 14.5507893673
-58.3720139914 2.6091788665 -40.3086896990 18.2203056805
-59.9060662108 -17.9236602188 -41.8427419184 -2.3125334048
-56.0537772032 2.8352201083 -37.9904529108 18.4463469223
-43.7384478761 3.7547670961 -25.6751235837 19.3658939101
-67.4862630969 -22.9983891006 -49.4229388045 -7.3872622866
-57.7071711190 -14.9719633580 -39.6438468266 0.6391634560
-56.2409792253 -9.3910774361 -38.1776549329 6.2200493779
-37.9025077778 -16.1423791931 -19.8391834854 -0.5312523791
-60.4421801483 -1.1499024527 -42.3788558559 14.4612243613
-73.0292381530 -2.3504163514 -54.9659138606 13.2607104626
-45.9533443772 -13.8956281953 -27.8900200848 1.7154986187
-69.4578186286 0.1750308752 -51.3944943362 15.7861576892
-38.5242867263 -1.5018805586 -20.4609624339 14.1092462554
-70.6975557354 -25.1347189952 -52.6342314430 -9.5235921812
-44.5190391409 -12.3783774964 -26.4557148485 3.2327493176
-71.3637686341 5.2326655884 -53.3004443417 20.8437924024
-52.3577353111 -19.2935374870 -34.2944110187 -3.6824106730
-55.7384873414 0.4616394978 -37.6751630490 16.0727663118
-60.0975815521 -30.8445191855 -42.0342572597 -15.2333923715
-36.1752697150 -16.1079411304 -18.1119454226 -0.4968143164
-58.1962372666 -26.0095087415 -40.1329129742 -10.3983819275
-31.8576183849 -4.7460413858 -13.7942940925 10.8650854282
-36.8569932184 -5.1619334400 -18.7936689260 10.4491933740
-65.2235658392 -28.9624007076 -47.1602415468 -13.3512738936
-48.3572896633 -25.3285294664 -30.2939653709 -9.7174026524
-32.1271168873 -26.3795723211 -14.0637925949 -10.7684455071
-41.2811717013 -32.6663466327 -23.2178474089 -17.0552198187
-71.3747435435 -13.8435555859 -53.3114192511 1.7675712281
-35.4310551501 -28.6295068680 -17.3677308577 -13.0183800540
-40.9966653010 -13.9685563204 -22.9333410086 1.6425704936
-43.3450864073 -2.9511936969 -25.2817621149 12.6599331171
-51.1621152974 -27.5827627397 -33.0987910050 -11.9716359257
-66.7929258599 1.7674349105 -48.7296015675 17.3785617245
-72.4353021068 -15.5087283080 -54.3719778144 0.1023985060
-29.5401949571 0.2896036066 -11.4768706647 15.9007304206
-32.4786984310 -20.6978552351 -14.4153741386 -5.0867284211
-70.8139805088 -0.4744366188 -52.7506562164 15.1366901952
-70.4946165477 1.1016459954 -52.4312922553 16.7127728094
-47.5757215837 -23.1379969451 -29.5123972913 -7.5268701311
-73.2911149679 -27.7817027319 -55.2277906755 -12.1705759179
-51.9753327491 3.0485655365 -33.9120084567 18.6596923505
-58.5646131194 -25.4685467472 -40.5012888270 -9.8574199332
-30.1658244932 -18.1436791909 -12.1025002008 -2.5325523769
-41.3829307311 -1.5638709615 -23.3196064387 14.0472558525
