-50.0160023119 -16.0682395881 -27.4368469464 3.4456689294
-59.0262525393 -25.5589331155 -36.4470971738 -6.0450245980
-63.0609978202 -1.0739977410 -40.4818424547 18.4399107765
-57.3848783117 -18.0698442142 -34.8057229462 1.4440643033
-40.2516275553 -18.0406817894 -17.6724721898 1.4732267281
-34.7487774622 -5.1893268508 -12.1696220967 14.3245816667
-61.5934093622 -2.9731046527 -39.0142539967 16.5408038648
-71.0075333413 -20.2766630449 -48.4283779758 -0.7627545274
-45.0430713141 -28.1367584522 -22.4639159486 -8.6228499347
-63.2410206992 -24.9174081107 -40.6618653337 -5.4034995932
-55.2246786460 -23.8414514889 -32.6455232805 -4.3275429714
-56.8727719977 1.5086725704 -34.2936166322 21.0225810879
-65.1130246234 -5.6104315345 -42.5338692579 13.9034769830
-68.7774836986 -27.2163467759 -46.1983283331 -7.7024382584
-68.5393989021 -1.0498391838 -45.9602435366 18.4640693337
-29.1966965919 -8.3051594765 -6.6175412264 11.2087490410
-60.8609783148 -21.1183247646 -38.2818229493 -1.6044162471
-35.0791470552 -12.9431917840 -12.4999916897 6.5707167335
-66.7322848208 -24.7836511394 -44.1531294553 -5.2697426219
-31.7802461642 1.6954349185 -9.2010907987 21.2093434360
-45.4468629074 -2.3694711944 -22.8677075419 17.1444373231
-45.0967027416 1.6467262145 -22.5175473761 21.1606347320
-47.2357781245 -6.1867537455 -24.6566227590 13.3271547720
-62.6103192207 -24.6236138808 -40.0311638552 -5.1097053633
-35.6107323209 -14.6106336252 -13.0315769554 4.9032748923
-53.2186102104 -23.3761302690 -30.6394548449 -3.8622217515
-40.3878219361 -0.9901784549 -17.8086665706 18.5237300626
-66.3563902150 2.9771662594 -43.7772348495 22.4910747769
-48.6914244262 -22.6330116026 -26.1122690607 -3.1191030851
-69.1006635081 -7.1604004420 -46.5215081426 12.3535080755
-68.4569454443 -29.8250779992 -45.8777900788 -10.3111694817
-58.9488816433 -17.6066092855 -36.3697262778 1.9072992320
-54.8412771052 -26.1353322377 -32.2621217397 -6.6214237202
-31.2442462430 -10.9135879434 -8.6650908775 8.6003205741
-54.8130219185 0.6593002764 -32.2338665530 20.1732087939
-51.7201314032 -31.5211789798 -29.1409760377 -12.0072704623
-43.0327946596 -28.5455417376 -20.4536392941 -9.0316332201
-30.4628141756 -22.8862435454 -7.8836588101 -3.3723350279
-36.0837273287 -25.3100693410 -13.5045719632 -5.7961608235
-50.8683900967 -6.8336703365 -28.2892347312 12.6802381810
-42.0871304382 4.1990749615 -19.5079750727 23.7129834790
-30.8508384906 -16.1506507543 -8.2716831251 3.3632577632
-37.3410395952 -28.8829380313 -14.7618842297 -9.3690295138
-56.2967667657 -19.2252102814 -33.7176114002 0.2886982361
-55.5037596992 -14.2183447568 -32.9246043337 5.2955637607
-71.5842552027 -12.9766631126 -49.0050998372 6.5372454049
-46.8574474958 -18.6568503691 -24.2782921303 0.8570581484
-31.2829752515 -32.7646882119 -8.7038198860 -13.2507796944
-47.7238226246 1.0890638766 -25.1446672591 20.6029723941
-46.4349436280 -33.4890286761 -23.8557882625 -13.9751201586
-39.0309925278 -29.7021089075 -16.4518371623 -10.1882003900
-71.1176972221 -15.7953035635 -48.5385418566 3.7186049540
-63.2928770289 -32.6625231133 -40.7137216634 -13.1486145958
-40.6533278246 -30.7578088021 -18.0741724591 -11.2439002846
-62.9746126680 -23.9692672091 -40.3954573025 -4.4553586916
-39.3920318814 3.3566589587 -16.8128765159 22.8705674762
-63.9296860815 -5.5791424182 -41.3505307160 13.9347660993
-55.8576633125 -32.3947925396 -33.2785079470 -12.8808840221
-35.7710669097 -2.7731560359 -13.1919115442 16.7407524816
-55.6241575510 -23.7558927757 -33.0450021855 -4.2419842582
-60.7145174741 -15.7834762184 -38.1353621086 3.7304322991
-38.3981888745 1.1872137592 -15.8190335090 20.7011222767
-35.7458959488 -5.0936909604 -13.1667405833 14.4202175571
-32.4333466929 -17.0103718866 -9.8541913274 2.5035366309
-45.6876642467 -13.0336132822 -23.1085088812 6.4802952353
-54.3275309695 -18.0897597293 -31.7483756040 1.4241487882
-45.3443331840 -14.2596538394 -22.7651778185 5.2542546781
-35.1034118150 0.2665815263 -12.5242564495 19.7804900438
-50.1883966902 -10.3444730575 -27.6092413247 9.1694354600
-31.1764716716 -3.6448150278 -8.5973163061 15.8690934897
-35.5994254350 -5.8605690885 -13.0202700695 13.6533394290
-41.3874095654 -30.8896122414 -18.8082541999 -11.3757037239
-54.2906525301 -28.9156446633 -31.7114971646 -9.4017361458
-69.1208050461 -22.7074717016 -46.5416496806 -3.1935631841
-32.5621600781 -13.6544532228 -9.9830047126 5.8594552947
-49.6575139229 -25.4859812373 -27.0783585574 -5.9720727198
-29.9577216999 -20.9737830395 -7.3785663344 -1.4598745220
-69.1696103961 -1.6561187028 -46.5904550306 17.8577898147
-71.2161455284 -32.6819216581 -48.6369901629 -13.1680131406
-62.6526148271 -6.8777808108 -40.0734594616 12.6361277067
-48.7922152418 -6.9437538079 -26.2130598763 12.5701547096
-69.9434344026 -26.2291198221 -47.3642790371 -6.7152113046
-65.5880311102 3.3695334930 -43.0088757447 22.8834420105
-71.0947265127 -5.9034472740 -48.5155711472 13.6104612435
-49.1245537312 -33.2594452989 -26.5453983657 -13.7455367814
-52.1020942597 -18.0943595583 -29.5229388942 1.4195489592
-41.1606695903 -25.6699151513 -18.5815142248 -6.1560066338
-52.5740585146 -27.3654056213 -29.9949031491 -7.8514971038
-59.0555445560 -11.0184222198 -36.4763891905 8.4954862977
-53.8340094133 -24.0522231879 -31.2548540478 -4.5383146704
-69.6024832588 4.7137125791 -47.0233278933 24.2276210966
-53.2153500394 -30.9164845929 -30.6361946739 -11.4025760754
-59.8681939866 -11.6148345773 -37.2890386211 7.8990739402
-33.5847904814 -19.1332241875 -11.0056351159 0.3806843300
-47.1505746255 -28.0447736123 -24.5714192600 -8.5308650948
-71.1508063700 -27.7901538679 -48.5716510045 -8.2762453504
-36.3802082272 -27.7842252838 -13.8010528617 -8.2703167663
-58.4003061672 -32.9976147947 -35.8211508017 -13.4837062772
-69.3037440912 -17.7596746599 -46.7245887257 1.7542338576
-40.9073242388 -8.1953110825 -18.3281688733 11.3185974350
-54.9288879653 -25.2550040976 -32.3497325998 -5.7410955801
-71.4732448416 -27.9169970202 -48.8940894761 -8.4030885027
-54.8198901766 -13.0515051328 -32.2407348111 6.4624033847
-59.8618475291 -4.2605246661 -37.2826921636 15.2533838514
-68.9048240180 -4.1053255670 -46.3256686525 15.4085829505
-73.8141072409 -25.5484825042 -51.2349518754 -6.0345739867
-40.3500374006 -15.6288149531 -17.7708820351 3.8850935644
-61.2301693575 -31.4851802287 -38.6510139920 -11.9712717112
-72.5770748168 -26.8154330849 -49.9979194513 -7.3015245674
-54.4652279821 -9.3182684399 -31.8860726166 10.1956400776
-59.3733330005 -14.4072721066 -36.7941776350 5.1066364109
-38.8330964106 -27.6265967914 -16.2539410451 -8.1126882739
-44.7146214948 -28.9055586718 -22.1354661293 -9.3916501543
-66.0427484180 -4.3840518553 -43.4635930525 15.1298566622
-49.8910923587 1.7246807245 -27.3119369932 21.2385892420
-55.6093205095 3.5656010887 -33.0301651440 23.0795096062
-68.2804590084 -15.6747133058 -45.7013036429 3.8391952117
-69.2305057326 -12.2331052959 -46.6513503671 7.2808032216
-29.1342150563 -17.4116612470 -6.5550596908 2.1022472705
-60.1384410397 -29.6018255001 -37.5592856742 -10.0879169826
-65.9508673261 -21.6120575430 -43.3717119606 -2.0981490255
-59.7090034731 2.2857204710 -37.1298481076 21.7996289885
-38.9863519098 -10.3653207403 -16.4071965443 9.1485877772
-29.6817931938 -2.2623847005 -7.1026378283 17.2515238170
-38.9167897916 -17.5957268661 -16.3376344261 1.9181816514
-54.4537332698 -29.8188231964 -31.8745779043 -10.3049146789
-32.9257126501 -25.4947551572 -10.3465572846 -5.9808466397
-62.3646318727 -11.9723590553 -39.7854765072 7.5415494622
-58.8412001322 -16.8196771947 -36.2620447667 2.6942313228
-59.9796675840 0.1844072184 -37.4005122185 19.6983157359
-58.5201100486 -5.7414535574 -35.9409546831 13.7724549601
-36.7149298949 -15.4309995704 -14.1357745294 4.0829089471
-65.8342105666 2.5929326302 -43.2550552011 22.1068411477
-73.0635753430 -26.9480650288 -50.4844199775 -7.4341565113
-58.2004459902 -20.9634145553 -35.6212906247 -1.4495060378
-61.3284325712 -13.1413951580 -38.7492772057 6.3725133595
-45.1589109911 -10.4502441722 -22.5797556256 9.0636643453
-53.6148751440 -17.5942072867 -31.0357197785 1.9197012308
-65.1392659969 -16.8608141901 -42.5601106314 2.6530943274
-64.0296574804 4.2258185883 -41.4505021149 23.7397271058
-35.7646573879 -8.2429248366 -13.1855020224 11.2709836809
-70.6671464336 -4.2374027210 -48.0879910681 15.2765057965
-34.9328775526 -20.8162872699 -12.3537221871 -1.3023787524
-59.8099827880 -25.9158565151 -37.2308274225 -6.4019479976
-39.4435049461 -9.3718523960 -16.8643495806 10.1420561215
-70.8273380288 -29.5366406619 -48.2481826633 -10.0227321444
-58.5412955874 1.2128792650 -35.9621402219 20.7267877825
-47.9268411527 -13.3351525619 -25.3476857872 6.1787559556
-36.6503606521 -10.4096077725 -14.0712052866 9.1043007450
-42.5065888779 -26.8464134839 -19.9274335124 -7.3325049664
-32.1967792062 4.4168462595 -9.6176238407 23.9307547770
-42.1647770806 -11.7263571184 -19.5856217151 7.7875513991
-48.0351145944 -27.6491630560 -25.4559592289 -8.1352545385
-29.8219209722 -3.6546425523 -7.2427656067 15.8592659652
-47.3972884155 -25.9828361195 -24.8181330500 -6.4689276020
-40.3930934809 -16.7443809763 -17.8139381154 2.7695275412
-35.4976263249 -1.8275082993 -12.9184709594 17.6864002182
-65.3315944464 -5.7413036422 -42.7524390809 13.7726048753
-67.2546753218 -13.9972252009 -44.6755199563 5.5166833166
-32.5255494154 1.9423772921 -9.9463940499 21.4562858096
-68.0938847283 4.8335278720 -45.5147293628 24.3474363895
-72.9827631157 -15.2880632956 -50.4036077502 4.2258452219
-34.0578124688 -10.3397662761 -11.4786571033 9.1741422414
-29.0150328187 -5.9812777300 -6.4358774532 13.5326307875
-65.0626778650 -6.6842961040 -42.4835224995 12.8296124135
-33.8799476372 -28.9280761218 -11.3007922717 -9.4141676043
-43.6776110198 -10.5933625479 -21.0984556543 8.9205459696
-42.9361151426 -24.1343445374 -20.3569597771 -4.6204360199
-40.1453447954 -7.7528603193 -17.5661894299 11.7610481982
-73.2080740585 -20.5303655240 -50.6289186930 -1.0164570065
-34.9305824205 -4.0234907810 -12.3514270550 15.4904177365
-39.0255468462 -5.7393200689 -16.4463914807 13.7745884486
-47.8240645549 3.9656071102 -25.2449091894 23.4795156277
-54.3379912280 -5.3004743767 -31.7588358625 14.2134341408
-52.6613756279 -19.9434635955 -30.0822202624 -0.4295550780
-44.9395772457 -10.2063754148 -22.3604218802 9.3075331027
-58.5373959405 -7.7580401815 -35.9582405750 11.7558683360
-70.5530977730 -24.8970253487 -47.9739424075 -5.3831168312
-61.9946017307 -30.9233342768 -39.4154463652 -11.4094257593
-31.6243494041 -15.6528602333 -9.0451940386 3.8610482842
-39.4107201624 -1.4838569847 -16.8315647969 18.0300515328
-47.4793937679 -16.6807599706 -24.9002384024 2.8331485469
-55.0283003852 -23.0132322694 -32.4491450197 -3.4993237519
-43.1220246494 -27.1254248637 -20.5428692839 -7.6115163462
-31.4945128783 -6.3819542536 -8.9153575128 13.1319542639
-51.0372462236 -2.2796517015 -28.4580908581 17.2342568160
-53.0939233693 -22.7083995802 -30.5147680038 -3.1944910627
-50.3325826283 -32.0899408952 -27.7534272628 -12.5760323777
-62.7409022364 3.6947247731 -40.1617468709 23.2086332906
-39.1593848809 -5.5800902880 -16.5802295154 13.9338182295
-59.8550823526 -17.5541921019 -37.2759269871 1.9597164156
-59.3201953216 -8.1643542549 -36.7410399561 11.3495542626
-70.3422703409 -18.0865841221 -47.7631149754 1.4273243954
-34.1503438243 -20.2157184500 -11.5711884588 -0.7018099325
-52.6040808083 -1.7175453744 -30.0249254428 17.7963631431
-37.3984980373 -24.3954114718 -14.8193426718 -4.8815029543
-44.7582688958 -18.2273777125 -22.1791135303 1.2865308050
-43.4241000269 -31.1121186902 -20.8449446614 -11.5982101727
-43.6143685688 -19.6691386244 -21.0352132033 -0.1552301069
-63.2811823148 -9.7845652445 -40.7020269493 9.7293432730
-71.1971912582 -4.6433795806 -48.6180358927 14.8705289369
-55.0132553510 -13.2622176398 -32.4340999855 6.2516908777
-72.7021894821 3.1111315382 -50.1230341166 22.6250400557
-48.3717596318 -22.9002513581 -25.7926042663 -3.3863428406
-33.1790689365 -20.5204364992 -10.5999135710 -1.0065279817
-28.8497159318 -25.2763792732 -6.2705605663 -5.7624707557
-39.9510745133 -21.0724870759 -17.3719191478 -1.5585785584
-34.5892867041 -1.1647235585 -12.0101313386 18.3491849590
-41.2058614699 -4.2799758239 -18.6267061044 15.2339326936
-65.7928740480 -25.9468522890 -43.2137186825 -6.4329437715
-47.9936023829 4.9731166341 -25.4144470174 24.4870251516
-54.1457111230 -25.0324203559 -31.5665557575 -5.5185118384
-56.3902317436 -29.1962978773 -33.8110763781 -9.6823893598
-60.8594084338 -31.3005507874 -38.2802530683 -11.7866422699
-52.4369036792 -13.1321282208 -29.8577483137 6.3817802967
-43.4344496125 -12.6943920538 -20.8552942470 6.8195164637
-61.6216763879 -29.9550127052 -39.0425210224 -10.4411041877
-71.0878666450 -21.9329666893 -48.5087112795 -2.4190581718
-72.1145107958 -9.0866309208 -49.5353554303 10.4272775967
-47.7713039165 3.1562954354 -25.1921485510 22.6702039529
-30.1534279115 -11.0914223856 -7.5742725460 8.4224861319
-66.6486988954 -5.4595587132 -44.0695435299 14.0543498043
-33.1118989548 -32.3664971113 -10.5327435893 -12.8525885938
-48.7188151322 -9.1008433335 -26.1396597667 10.4130651840
-38.2985840019 -4.8104040075 -15.7194286364 14.7035045100
-36.4486705560 -19.4496738788 -13.8695151905 0.0642346387
-40.8657183664 -23.1678220574 -18.2865630009 -3.6539135399
-47.3650255375 -28.9250452321 -24.7858701720 -9.4111367146
-56.4851606820 0.6233210803 -33.9060053165 20.1372295978
-65.5815182754 0.0203979428 -43.0023629099 19.5343064603
-55.5276818210 -0.0607576723 -32.9485264555 19.4531508452
-55.7188163786 -7.0899946690 -33.1396610131 12.4239138485
-30.6263299524 -15.4362835500 -8.0471745869 4.0776249675
-29.4775704069 -33.6653312534 -6.8984150414 -14.1514227359
-69.4289664224 -11.6340420979 -46.8498110569 7.8798664196
-31.1970776025 -30.9356616361 -8.6179222370 -11.4217531186
-67.3491727979 -29.4347994012 -44.7700174324 -9.9208908837
-38.0078646328 -31.6950536722 -15.4287092673 -12.1811451547
-67.4047299714 -19.8251823483 -44.8255746059 -0.3112738308
-43.0998000304 2.8021849133 -20.5206446649 22.3160934308
-69.5593367982 -13.6214552839 -46.9801814327 5.8924532336
-60.3164682321 -1.2785534563 -37.7373128666 18.2353550612
-38.4638201395 1.0925541077 -15.8846647740 20.6064626252
-30.8436623756 -26.9312599499 -8.2645070101 -7.4173514324
-39.0685848630 -28.2070573818 -16.4894294975 -8.6931488643
-72.1920130146 -26.6264287329 -49.6128576491 -7.1125202154
-73.7621163920 -16.3905358635 -51.1829610265 3.1233726540
-34.9082819729 3.9385518945 -12.3291266074 23.4524604120
-32.7218587868 -0.5172474524 -10.1427034213 18.9966610651
-30.2919442146 -33.1554136296 -7.7127888491 -13.6415051121
-55.1140053293 1.9863221310 -32.5348499638 21.5002306485
-70.0541874172 -11.6824337792 -47.4750320517 7.8314747383
-72.8140769410 0.7636587460 -50.2349215755 20.2775672635
-46.0869069809 -27.0276364750 -23.5077516154 -7.5137279575
-63.1096996681 -21.9512471127 -40.5305443026 -2.4373385952
-69.0847780077 -20.5027896670 -46.5056226422 -0.9888811495
-37.0561454717 -17.6786202726 -14.4769901062 1.8352882449
-66.2567487529 -10.1398424301 -43.6775933874 9.3740660874
-60.2453971314 -28.7906215388 -37.6662417659 -9.2767130213
-38.7899142856 -30.7036877574 -16.2107589201 -11.1897792399
-61.8465596116 -1.7598270794 -39.2674042461 17.7540814381
-62.2312165104 -23.0433566668 -39.6520611449 -3.5294481493
-62.0554138154 -28.8244025843 -39.4762584499 -9.3104940668
-63.1597794490 -26.7828621018 -40.5806240835 -7.2689535843
-29.8463187371 -25.6372638583 -7.2671633716 -6.1233553408
-65.2490656855 -18.2986193323 -42.6699103200 1.2152891852
-68.4200240857 -22.7793966360 -45.8408687202 -3.2654881185
-30.5861593157 -27.9050987248 -8.0070039502 -8.3911902073
-66.5279622538 -11.1364032368 -43.9488068883 8.3775052807
-59.4572542881 -17.8829412013 -36.8780989226 1.6309673162
-34.1807411819 -16.9360494356 -11.6015858164 2.5778590819
-40.3110447581 -6.4382154384 -17.7318893926 13.0756930791
-35.9476248845 2.0550633163 -13.3684695190 21.5689718338
-60.2361308699 -28.0064156003 -37.6569755044 -8.4925070828
-71.9891724925 -30.4548399758 -49.4100171270 -10.9409314583
-63.8279718634 -21.5110998352 -41.2488164979 -1.9971913177
-33.1706295567 -14.7902654869 -10.5914741912 4.7236430306
-47.4487544566 -27.1707097253 -24.8695990911 -7.6568012078
-46.3613439791 -1.4371239302 -23.7821886136 18.0767845873
-58.3242838275 -10.7341808001 -35.7451284620 8.7797277174
-72.3812254432 -12.6418931792 -49.8020700777 6.8720153383
-29.4889546567 -27.5310092431 -6.9097992912 -8.0171007256
-36.8809489647 3.2082840821 -14.3017935992 22.7221925996
-60.0396969047 4.7851096389 -37.4605415392 24.2990181564
-50.2274588739 -9.1188887704 -27.6483035084 10.3950197471
-56.2092302623 -17.8214492314 -33.6300748968 1.6924592861
-71.2016406106 -28.2892421759 -48.6224852451 -8.7753336584
-69.1243653145 1.5525294119 -46.5452099490 21.0664379294
-71.4090364055 -17.6434022655 -48.8298810400 1.8705062520
-71.6632553641 -29.7754168093 -49.0840999986 -10.2615082918
-51.5491984409 -22.9418522201 -28.9700430754 -3.4279437026
-55.2382873511 -18.0907719523 -32.6591319856 1.4231365652
-39.5547619502 -33.6188358205 -16.9756065847 -14.1049273030
-48.2668392438 -19.1246484522 -25.6876838783 0.3892600653
-36.4582328354 2.0349008745 -13.8790774699 21.5488093920
-30.4447364985 0.0917897868 -7.8655811330 19.6056983043
-53.3271296853 3.3305079413 -30.7479743198 22.8444164588
-72.8033649086 -22.8339618289 -50.2242095431 -3.3200533114
-33.4880837325 -20.6531900982 -10.9089283670 -1.1392815807
-61.9379577425 -17.2228239117 -39.3588023770 2.2910846058
-30.3443593761 -7.9523634976 -7.7652040106 11.5615450199
-36.4447104942 -32.6326968016 -13.8655551287 -13.1187882841
-37.8301201473 2.9181994949 -15.2509647818 22.4321080124
-31.8579225829 -0.2536472254 -9.2787672174 19.2602612921
-58.0922290940 4.6880837479 -35.5130737285 24.2019922654
-30.6417117998 -0.6013076678 -8.0625564343 18.9126008497
-62.1750622754 -19.0934433531 -39.5959069099 0.4204651644
-62.6822234065 -32.7915658883 -40.1030680410 -13.2776573708
-56.8880088117 -1.7314239899 -34.3088534462 17.7824845276
-55.9668980290 -25.5461015984 -33.3877426635 -6.0321930809
-40.7028428226 -19.5529062668 -18.1236874571 -0.0389977493
-70.5066677577 -26.1370121822 -47.9275123922 -6.6231036647
-59.8246042877 -29.6992110132 -37.2454489222 -10.1853024957
-52.5590190319 -25.5171030825 -29.9798636664 -6.0031945650
-54.1574408286 -4.7976888932 -31.5782854631 14.7162196243
-45.3491984796 -17.9023426539 -22.7700431141 1.6115658636
-55.8068219012 -15.5620628295 -33.2276665357 3.9518456880
-54.3687680444 -25.7973378097 -31.7896126789 -6.2834292922
-55.6839526355 -19.3930695192 -33.1047972700 0.1208389983
-71.1970664752 -4.1747458142 -48.6179111097 15.3391627033
-58.0688364273 -32.8857287969 -35.4896810618 -13.3718202794
-46.5802663865 -9.7644339708 -24.0011110210 9.7494745467
-56.0397452579 -0.2738128475 -33.4605898924 19.2400956700
-45.1363800503 -3.4414969627 -22.5572246848 16.0724115548
-43.3742095654 -32.2500768736 -20.7950541999 -12.7361683561
-29.4366528176 -17.5352567331 -6.8574974521 1.9786517844
-55.8358804598 -31.2475901180 -33.2567250943 -11.7336816005
-46.4279927700 -5.8032441400 -23.8488374045 13.7106643775
-66.4160103426 -30.4211056186 -43.8368549771 -10.9071971011
-32.1358298686 -10.0492478452 -9.5566745031 9.4646606723
-36.6466456983 -11.8381368907 -14.0674903328 7.6757716268
-73.3962192499 -24.7745266479 -50.8170638844 -5.2606181304
-72.7582159271 -16.2644926286 -50.1790605616 3.2494158889
-54.4113775219 -16.8497427637 -31.8322221564 2.6641657538
-37.1543350017 -14.4007121667 -14.5751796362 5.1131963508
-65.3810074142 -27.1682276644 -42.8018520487 -7.6543191469
-50.6098793521 -2.6062218054 -28.0307239866 16.9076867121
-38.6297272326 1.9843412474 -16.0505718671 21.4982497649
-44.3864207158 -17.2665241682 -21.8072653503 2.2473843493
-42.7400358016 -20.7187682888 -20.1608804361 -1.2048597713
-53.1903532153 -7.2504340035 -30.6111978498 12.2634745140
-40.1586505223 -0.0696298031 -17.5794951568 19.4442787144
-40.4409770476 -19.7041566113 -17.8618216821 -0.1902480938
-47.8493755234 1.8051291265 -25.2702201579 21.3190376440
-53.8946229472 -13.9989008927 -31.3154675817 5.5150076248
-50.5930956834 -23.1219194157 -28.0139403179 -3.6080108982
-70.9495123453 -13.0013889450 -48.3703569798 6.5125195725
-51.3157040979 -30.0429172125 -28.7365487324 -10.5290086950
-29.7586485557 2.7816438579 -7.1794931902 22.2955523754
-50.1542432050 -2.7013064135 -27.5750878395 16.8126021040
-54.4981827180 -5.6950112464 -31.9190273525 13.8188972711
-30.4571228603 3.3166280354 -7.8779674948 22.8305365529
-50.6591815420 -4.5800583871 -28.0800261765 14.9338501304
-34.9203438022 -27.0147645031 -12.3411884367 -7.5008559856
-66.3322359810 -11.9896832127 -43.7530806155 7.5242253048
-51.1272004130 -9.1410462712 -28.5480450475 10.3728622463
-63.3163468071 -23.7654204879 -40.7371914416 -4.2515119704
-51.7114799722 4.4839959702 -29.1323246067 23.9979044877
-46.1934620806 -30.9170467976 -23.6143067151 -11.4031382801
-33.7769683459 -31.3727019849 -11.1978129804 -11.8587934674
-47.8670287407 -17.7884904024 -25.2878733752 1.7254181151
-58.9503215473 -8.5308481478 -36.3711661818 10.9830603697
-31.5220360637 -1.1411130851 -8.9428806982 18.3727954324
-40.5286157284 2.1663763868 -17.9494603629 21.6802849043
-39.1557643660 -23.2442880287 -16.5766090005 -3.7303795112
-41.6729468028 -25.8120343164 -19.0937914373 -6.2981257989
-29.3807666747 -7.2101438318 -6.8016113092 12.3037646857
-67.0829770071 -14.0462120722 -44.5038216416 5.4676964453
-54.6961983611 -33.0279337784 -32.1170429956 -13.5140252609
-43.4065183485 -10.4424645015 -20.8273629830 9.0714440160
-47.9846682661 -26.5723720413 -25.4055129006 -7.0584635238
-63.7136806393 -2.0355968995 -41.1345252738 17.4783116180
-54.1405375499 -5.5998665740 -31.5613821844 13.9140419435
-38.2209960290 -31.5852323025 -15.6418406635 -12.0713237850
-38.1486732082 -7.0959725948 -15.5695178427 12.4179359227
-68.7430525323 -19.2107237360 -46.1638971668 0.3031847815
-69.8473070303 -16.2026013089 -47.2681516648 3.3113072086
-73.1532108879 -32.4800220718 -50.5740555224 -12.9661135543
-61.1220568257 -4.0931999181 -38.5429014602 15.4207085994
-30.9709955664 -31.5366804015 -8.3918402009 -12.0227718840
-72.6856534027 -7.6542554389 -50.1064980372 11.8596530786
-62.2527361286 -33.0824669491 -39.6735807631 -13.5685584316
-58.2532906163 -17.6219836546 -35.6741352508 1.8919248629
-50.4273361471 -3.4602812349 -27.8481807816 16.0536272826
-54.5016910670 -25.9675182707 -31.9225357015 -6.4536097532
-57.1405804204 -33.4453970981 -34.5614250549 -13.9314885806
-56.6885410891 -10.2919362180 -34.1093857236 9.2219722995
-36.9500315074 -1.6277284803 -14.3708761419 17.8861800372
-59.4420787932 -9.8382746540 -36.8629234277 9.6756338635
-34.3257353705 -29.2143958908 -11.7465800050 -9.7004873733
-60.6482705373 5.0790593089 -38.0691151718 24.5929678264
-51.9274217823 -18.6243899732 -29.3482664168 0.8895185443
-53.9248190833 -13.9445542028 -31.3456637178 5.5693543147
-55.0275777416 -5.2729361212 -32.4484223761 14.2409723963
-61.9251163875 -19.1959204222 -39.3459610220 0.3179880953
-38.4873542017 -22.1809217948 -15.9081988362 -2.6670132773
-72.1217942822 -31.9361939146 -49.5426389167 -12.4222853971
-59.8398469475 -18.5202548771 -37.2606915820 0.9936536404
-53.2384605881 -1.1421134043 -30.6593052226 18.3717951132
-66.4872309768 1.0418593769 -43.9080756113 20.5557678944
-72.4220054432 -12.6889615575 -49.8428500777 6.8249469600
-33.3891680683 -17.4273846792 -10.8100127028 2.0865238383
-67.6447295789 -5.6623944109 -45.0655742134 13.8515141066
-63.1022822723 -15.6783803129 -40.5231269068 3.8355282046
-58.9895057171 -29.0737536514 -36.4103503516 -9.5598451339
-47.8402174744 -9.2405960409 -25.2610621089 10.2733124766
-68.8177734196 -31.0957585227 -46.2386180541 -11.5818500052
-73.2960109231 -11.9239160696 -50.7168555576 7.5899924479
-48.0109290279 -16.7472607513 -25.4317736624 2.7666477662
-60.9521254918 -0.8559295203 -38.3729701263 18.6579789972
-37.4848190737 -30.8121484588 -14.9056637082 -11.2982399413
-67.7094723066 -0.5712197087 -45.1303169411 18.9426888088
-68.5005378769 -16.0781027513 -45.9213825114 3.4358057662
-63.1443553554 -11.0565655635 -40.5651999899 8.4573429540
-60.9791594497 -17.8776904069 -38.4000040842 1.6362181106
-52.6418072210 -21.1355275577 -30.0626518555 -1.6216190402
-31.2637440994 -19.2239236531 -8.6845887339 0.2899848644
-40.5160577742 -30.3532294853 -17.9369024087 -10.8393209678
-69.8494534700 4.6041119477 -47.2702981045 24.1180204652
-49.1579391723 -17.1926668378 -26.5787838068 2.3212416797
-69.3673255633 -28.7022486758 -46.7881701978 -9.1883401583
-71.6393925637 -25.2700157915 -49.0602371982 -5.7561072740
-65.0867637565 -31.1039286200 -42.5076083910 -11.5900201025
-38.9320378347 -3.5883655449 -16.3528824692 15.9255429726
-51.2633385005 -31.1964637972 -28.6841831350 -11.6825552797
-46.1963953008 -21.5722332189 -23.6172399353 -2.0583247014
-67.6446108731 -4.2868261075 -45.0654555076 15.2270824100
-66.6757387832 -23.5070002321 -44.0965834177 -3.9930917146
-64.6178439625 -18.0406072225 -42.0386885970 1.4733012950
-35.8884935849 -14.3908247234 -13.3093382194 5.1230837941
-37.4560268408 -21.3839517094 -14.8768714753 -1.8700431919
-37.0025146750 -4.2628122860 -14.4233593095 15.2510962315
-42.8822439483 -11.8671271920 -20.3030885828 7.6467813255
-35.9492124925 -3.2720561003 -13.3700571270 16.2418524172
-49.4578803697 -18.4255142616 -26.8787250042 1.0883942559
-64.7333137276 -8.5383366933 -42.1541583621 10.9755718242
-50.4262761646 -23.7036655440 -27.8471207991 -4.1897570265
-35.0146512649 -5.6758157568 -12.4354958994 13.8380927607
-59.3124561060 -8.7801470198 -36.7333007405 10.7337614977
-51.7733898066 -1.4088291743 -29.1942344411 18.1050793432
-42.1518202793 -29.5419731472 -19.5726649138 -10.0280646297
-67.6449200338 -0.7352686758 -45.0657646683 18.7786398417
-35.0383098158 -21.9301950299 -12.4591544503 -2.4162865124
-69.1042370244 -30.9994078225 -46.5250816589 -11.4854993050
-42.1450993257 3.4163026043 -19.5659439602 22.9302111218
-48.4158143124 -13.6669625740 -25.8366589469 5.8469459435
-61.8439992683 -18.6944475192 -39.2648439028 0.8194609983
-61.8001757327 3.6466128585 -39.2210203672 23.1605213760
-31.2578692896 -29.3514963767 -8.6787139241 -9.8375878592
-40.6205977360 -14.6302696827 -18.0414423705 4.8836388348
-51.1775077641 3.1041540928 -28.5983523986 22.6180626103
-67.8619234455 -32.6826362497 -45.2827680800 -13.1687277322
-64.8892748347 5.2451784834 -42.3101194692 24.7590870009
-40.2794809298 -13.1849683074 -17.7003255643 6.3289402101
-45.1442316841 -24.4283130536 -22.5650763186 -4.9144045361
-57.9401826692 -20.3172590806 -35.3610273037 -0.8033505631
-58.3436236968 -14.3805396022 -35.7644683313 5.1333689153
-65.4134509899 -25.5769481114 -42.8342956244 -6.0630395939
-37.9101078900 -22.1004764097 -15.3309525245 -2.5865678922
-61.3590551648 -14.0593995766 -38.7798997993 5.4545089409
-62.6730757246 -0.7166341188 -40.0939203591 18.7972743987
-73.1356120082 -13.4575026377 -50.5564566427 6.0564058798
-63.5141663386 -22.4618167559 -40.9350109731 -2.9479082384
-52.4059753105 -26.7783360763 -29.8268199450 -7.2644275588
-55.8478330882 -25.2698298014 -33.2686777227 -5.7559212839
-43.8087531406 1.6596306083 -21.2295977751 21.1735391258
-66.7014523420 -2.3550747908 -44.1222969765 17.1588337267
-31.7917818610 -19.5708669051 -9.2126264955 -0.0569583876
-37.7099084185 -7.1593203401 -15.1307530530 12.3545881774
-33.7968044874 -16.4783616423 -11.2176491219 3.0355468752
-32.4451014013 -24.1553124395 -9.8659460358 -4.6414039220
-38.4711599191 -23.3357822685 -15.8920045536 -3.8218737510
-40.4847469605 4.3739888467 -17.9055915950 23.8878973642
-52.4916264848 -12.6244493477 -29.9124711193 6.8894591698
-61.5649560243 -4.2391319527 -38.9858006588 15.2747765648
-71.9293406713 -13.2163410775 -49.3501853058 6.2975674400
-46.7882082489 -31.2158908021 -24.2090528834 -11.7019822846
-71.9177638638 -1.1725274367 -49.3386084983 18.3413810808
-58.0050867694 -13.2904132215 -35.4259314039 6.2234952960
-73.3953780688 -4.2410663115 -50.8162227033 15.2728422060
-40.5129693007 -7.1373319460 -17.9338139352 12.3765765715
-44.0409178109 1.4962185764 -21.4617624454 21.0101270939
-52.0374649175 -10.4101210899 -29.4583095520 9.1037874276
-61.9678059414 -22.4357998426 -39.3886505759 -2.9218913251
-61.3832410888 -27.6361632864 -38.8040857233 -8.1222547689
-40.9224812917 -25.9627545509 -18.3433259262 -6.4488460334
-55.8225654594 -13.4876448636 -33.2434100939 6.0262636539
-52.9380354413 -28.1051904416 -30.3588800758 -8.5912819241
-51.5992199939 3.0386871800 -29.0200646284 22.5525956975
-43.0231351235 -3.6458233071 -20.4439797580 15.8680852104
-42.4430006767 -5.1913513695 -19.8638453112 14.3225571480
-60.5648648890 -21.9897076246 -37.9857095235 -2.4757991071
-38.0217748443 -20.3416878269 -15.4426194788 -0.8277793094
-67.8545513450 -27.8628124037 -45.2753959795 -8.3489038862
-34.8107142550 -27.9187783197 -12.2315588895 -8.4048698022
-33.0424385723 -9.9702067634 -10.4632832068 9.5437017541
-36.4584069722 -11.4909941455 -13.8792516067 8.0229143720
-50.8590730725 -21.3541967296 -28.2799177070 -1.8402882121
-66.3953346603 -3.3543162610 -43.8161792948 16.1595922565
-46.5642130788 -16.2762363926 -23.9850577133 3.2376721249
