-30.1592741856 -4.6486514565 -21.1276120394 3.1569119505
-73.8229831298 -26.3292978582 -64.7913209836 -18.5237344512
-57.7619720664 -19.3130729347 -48.7303099202 -11.5075095277
-45.6313996752 -13.8267132144 -36.5997375290 -6.0211498074
-69.8305736407 -24.1093424823 -60.7989114945 -16.3037790753
-43.4914439352 -3.0710302168 -34.4597817890 4.7345331902
-33.2769473080 -14.4043660160 -24.2452851618 -6.5988026090
-28.9579687867 -21.0077592347 -19.9263066405 -13.2021958277
-48.0668525805 -33.4516123548 -39.0351904343 -25.6460489478
-54.2819910686 -23.6798733150 -45.2503289224 -15.8743099080
-66.1202906540 -32.9412209052 -57.0886285078 -25.1356574982
-56.2008193341 -6.3988943998 -47.1691571879 1.4066690072
-67.2271624404 -15.1067964149 -58.1955002942 -7.3012330079
-37.9630258634 -33.1283966515 -28.9313637172 -25.3228332445
-39.9282169372 -18.6501028580 -30.8965547910 -10.8445394510
-52.3227058005 -5.4448567908 -43.2910436543 2.3607066162
-68.0125150572 -14.8650231082 -58.9808529110 -7.0594597012
-32.6609214144 -14.5442140266 -23.6292592682 -6.7386506196
-35.4424741809 -12.5358351193 -26.4108120347 -4.7302717123
-73.8814254313 3.1740400241 -64.8497632851 10.9796034311
-38.2970851762 -7.2831629528 -29.2654230300 0.5224004542
-40.9347992900 -6.7295918335 -31.9031371438 1.0759715735
-66.1481982400 -5.2765684891 -57.1165360938 2.5289949179
-73.1483270662 -4.5540359672 -64.1166649200 3.2515274398
-40.7072868128 -15.9752567007 -31.6756246666 -8.1696932937
-73.7228846978 1.8305464880 -64.6912225516 9.6361098950
-52.4959623254 -18.1301514741 -43.4643001792 -10.3245880671
-46.3399343818 -9.3143580137 -37.3082722356 -1.5087946067
-34.3534903948 -17.7304963330 -25.3218282486 -9.9249329260
-45.0053462892 -9.0696846501 -35.9736841430 -1.2641212431
-37.9909467814 -28.9873589822 -28.9592846352 -21.1817955752
-57.8484770810 2.5427838205 -48.8168149348 10.3483472275
-46.6363981210 -23.0943758170 -37.6047359748 -15.2888124100
-54.9406060631 -15.8083407892 -45.9089439169 -8.0027773822
-37.1226874380 -17.1780371742 -28.0910252918 -9.3724737672
-55.6728879976 -10.0532511938 -46.6412258514 -2.2476877868
-69.3575579619 -28.3647877381 -60.3258958157 -20.5592243311
-60.4730837244 -22.9544088048 -51.4414215782 -15.1488453978
-34.8214232173 -21.3258738408 -25.7897610711 -13.5203104338
-72.8834641443 -10.1473997451 -63.8518019981 -2.3418363381
-39.0560752953 -32.5480337995 -30.0244131491 -24.7424703925
-50.6772553499 -23.9954708395 -41.6455932037 -16.1899074325
-54.5343992230 -28.7186979310 -45.5027370768 -20.9131345240
-34.4378195087 -21.6929958546 -25.4061573625 -13.8874324476
-49.6411178510 -13.5304462105 -40.6094557048 -5.7248828035
-31.4905648238 -20.6076561290 -22.4589026776 -12.8020927220
-45.0921857406 -22.0829016728 -36.0605235944 -14.2773382658
-61.9564943030 -24.1480499390 -52.9248321568 -16.3424865320
-48.1694082531 -6.8719822599 -39.1377461069 0.9335811471
-42.1284240377 -18.5853511001 -33.0967618915 -10.7797876931
-68.8817889615 -29.3963712386 -59.8501268153 -21.5908078316
-29.0328361793 -25.3168992701 -20.0011740331 -17.5113358631
-62.7299671760 -22.2271250666 -53.6983050298 -14.4215616596
-51.7494494952 -29.1803778597 -42.7177873490 -21.3748144527
-46.2899878164 -13.5576155390 -37.2583256702 -5.7520521320
-41.4010682973 -18.6319921410 -32.3694061511 -10.8264287340
-49.2436088517 -24.4503105891 -40.2119467055 -16.6447471821
-45.2190686066 4.4661197672 -36.1874064604 12.2716831742
-57.4164812529 -13.7151545258 -48.3848191067 -5.9095911188
-60.9868655454 1.6317515950 -51.9552033992 9.4373150020
-72.5793325182 -24.7952363193 -63.5476703720 -16.9896729123
-63.0106315684 -7.5412685847 -53.9789694222 0.2642948223
-50.1374401060 -13.8464565879 -41.1057779598 -6.0408931809
-32.5627592425 -29.8332781740 -23.5310970963 -22.0277147670
-65.0268833595 -9.4235719441 -55.9952212133 -1.6180085371
-51.9199119033 -21.5741380090 -42.8882497571 -13.7685746020
-40.8134631896 -14.8350942421 -31.7818010434 -7.0295308351
-50.1523656143 4.6688522198 -41.1207034681 12.4744156268
-38.7796358394 -32.9402080461 -29.7479736932 -25.1346446391
-69.4157886328 -18.3930808900 -60.3841264866 -10.5875174830
-49.6973858711 -1.6171659188 -40.6657237249 6.1883974882
-38.7366546205 -30.3813355976 -29.7049924743 -22.5757721906
-71.2161484304 -17.4303986855 -62.1844862842 -9.6248352785
-71.0399706294 -17.0143477019 -62.0083084832 -9.2087842949
-31.9335791953 -19.9477716633 -22.9019170491 -12.1422082563
-58.8528858672 3.8309833966 -49.8212237210 11.6365468036
-47.6669236450 -11.1641803862 -38.6352614988 -3.3586169792
-45.3470870943 -29.3990086668 -36.3154249481 -21.5934452598
-69.9933004290 -12.2052834572 -60.9616382828 -4.3997200502
-64.4321799631 -22.5347555672 -55.4005178169 -14.7291921602
-66.0803082432 -6.4009617176 -57.0486460970 1.4046016894
-46.9332024585 1.7733387238 -37.9015403123 9.5789021308
-65.6258078231 -28.7777935292 -56.5941456769 -20.9722301222
-33.5998588993 3.9238620576 -24.5681967531 11.7294254646
-67.3083510354 5.1249855764 -58.2766888892 12.9305489834
-57.7960351712 -6.9658707813 -48.7643730250 0.8396926257
-36.9951615633 -28.2999715725 -27.9634994171 -20.4944081655
-39.1093887303 0.6346634227 -30.0777265841 8.4402268297
-48.8093808928 -1.0402849016 -39.7777187466 6.7652785054
-60.0065967569 -14.6537861433 -50.9749346107 -6.8482227363
-65.3388526355 -8.5679601315 -56.3071904893 -0.7623967245
-53.5768396757 -3.5089272214 -44.5451775295 4.2966361856
-63.8856571818 -30.3665847333 -54.8539950356 -22.5610213263
-33.9727971326 -21.5484572372 -24.9411349864 -13.7428938302
-45.1547409810 -29.9180853848 -36.1230788348 -22.1125219778
-46.9034877693 -1.9785862840 -37.8718256231 5.8269771230
-37.9197260841 -25.9699690545 -28.8880639379 -18.1644056475
-41.2914777580 4.6670342457 -32.2598156118 12.4725976527
-59.2432261536 -9.5965533788 -50.2115640074 -1.7909899718
-31.1136346707 -15.2158097617 -22.0819725245 -7.4102463547
-46.2279520635 -21.7118192913 -37.1962899173 -13.9062558843
-66.7199712175 -16.7972449250 -57.6883090713 -8.9916815180
-53.7633275077 2.6932504041 -44.7316653615 10.4988138111
-59.7553914525 -33.5200238139 -50.7237293063 -25.7144604069
-39.1413764086 -9.3479455270 -30.1097142624 -1.5423821200
-51.6366363417 3.8592292106 -42.6049741955 11.6647926176
-61.7841279556 3.2255246221 -52.7524658094 11.0310880291
-40.6486624256 -14.4537259216 -31.6170002794 -6.6481625146
-72.4583706406 -9.3633136080 -63.4267084944 -1.5577502010
-37.5530891182 -7.4907909757 -28.5214269720 0.3147724313
-41.3474045279 -17.8632586554 -32.3157423817 -10.0576952484
-52.0108179468 -13.3783087874 -42.9791558006 -5.5727453804
-46.6142349683 -25.5081215821 -37.5825728221 -17.7025581751
-51.1336323933 2.6689641037 -42.1019702471 10.4745275107
-36.5146002361 -15.9538750188 -27.4829380899 -8.1483116118
-55.5716954329 -16.3819225086 -46.5400332867 -8.5763591016
-39.4779047799 -11.5342059463 -30.4462426337 -3.7286425393
-34.2866337794 -25.4553478660 -25.2549716332 -17.6497844590
-51.2836836993 -26.1474286814 -42.2520215531 -18.3418652744
-64.1349085412 -23.0214868200 -55.1032463950 -15.2159234130
-36.9666705633 -5.8992272398 -27.9350084171 1.9063361672
-63.2262570050 -30.2169596122 -54.1945948588 -22.4113962052
-44.1476780224 4.3823646526 -35.1160158762 12.1879280596
-47.5832407783 -6.6204424562 -38.5515786321 1.1851209508
-46.8173468629 -18.4507313848 -37.7856847167 -10.6451679778
-57.3818173855 -21.0680276936 -48.3501552393 -13.2624642866
-37.9138746370 -0.3862904007 -28.8822124908 7.4192730063
-35.7528498769 -17.9250804060 -26.7211877307 -10.1195169990
-71.0158989111 -19.9632907499 -61.9842367649 -12.1577273429
-58.7065386013 1.2230503641 -49.6748764551 9.0286137711
-37.4547171873 -4.6086417056 -28.4230550411 3.1969217014
-58.5940193208 -11.3607227528 -49.5623571746 -3.5551593458
-59.7325578068 -25.1437193054 -50.7008956606 -17.3381558984
-38.4948221078 -1.7894829214 -29.4631599616 6.0160804856
-55.2436461851 -33.5693049727 -46.2119840389 -25.7637415657
-69.7622694460 -24.5643848692 -60.7306072998 -16.7588214622
-41.5639326540 -20.7789070962 -32.5322705078 -12.9733436892
-59.2820831204 -18.9479145575 -50.2504209742 -11.1423511505
-60.0261029826 1.7979243640 -50.9944408364 9.6034877710
-70.6386271924 1.8168288737 -61.6069650462 9.6223922807
-60.3226216481 -16.4852701728 -51.2909595019 -8.6797067658
-63.3291690893 -29.7724767883 -54.2975069431 -21.9669133813
-60.5757370323 -30.5032150280 -51.5440748861 -22.6976516210
-51.0855737645 -19.5716523016 -42.0539116183 -11.7660888946
-54.2894690895 -0.7315361887 -45.2578069433 7.0740272183
-62.2847922125 -24.1615342206 -53.2531300663 -16.3559708136
-47.2330035221 -10.3131538091 -38.2013413759 -2.5075904021
-36.9977760759 1.7112947265 -27.9661139297 9.5168581335
-36.9221217135 -10.1161902843 -27.8904595673 -2.3106268773
-41.1444599149 -24.5258837935 -32.1127977687 -16.7203203865
-46.4432966858 -1.6948376817 -37.4116345396 6.1107257253
-52.6970525001 -20.9318901436 -43.6653903539 -13.1263267366
-67.0579129339 -2.6216587648 -58.0262507877 5.1839046422
-42.0398078692 -15.6759669488 -33.0081457230 -7.8704035418
-42.0071165991 -3.2260243887 -32.9754544529 4.5795390183
-57.0901228629 -33.3100382203 -48.0584607167 -25.5044748133
-63.8615367405 -9.9160166039 -54.8298745943 -2.1104531969
-68.8872023854 -13.3885348621 -59.8555402392 -5.5829714551
-42.6639680404 -9.5301178236 -33.6323058942 -1.7245544166
-34.0332560651 -28.6636000839 -25.0015939189 -20.8580366769
-52.9275456168 -28.1144688283 -43.8958834706 -20.3089054213
-57.0185912386 -31.4353286870 -47.9869290924 -23.6297652800
-40.3595168909 -26.1252539701 -31.3278547447 -18.3196905631
-30.2887675688 -11.6623584441 -21.2571054226 -3.8567950371
-37.8299333723 -6.6079019007 -28.7982712261 1.1976615063
-37.7683743771 -17.7048021854 -28.7367122309 -9.8992387784
-50.6609247186 -23.0563735743 -41.6292625724 -15.2508101673
-40.6014272510 -7.5821640875 -31.5697651048 0.2233993195
-70.7655303297 -16.2943597040 -61.7338681835 -8.4887962970
-67.9655106700 -3.3074464854 -58.9338485238 4.4981169216
-63.6406380347 -13.9229488385 -54.6089758885 -6.1173854315
-38.2650422982 -16.0373583814 -29.2333801520 -8.2317949744
-68.6375826071 1.5499546650 -59.6059204609 9.3555180720
-29.9437948759 -2.0360597484 -20.9121327297 5.7695036586
-50.2876779346 -0.1639430994 -41.2560157884 7.6416203076
-31.4176448574 4.9525031200 -22.3859827112 12.7580665270
-73.7743778236 -21.3026568289 -64.7427156774 -13.4970934219
-71.6967405643 -4.4838972573 -62.6650784181 3.3216661497
-50.7735712845 -33.0125392546 -41.7419091383 -25.2069758476
-59.7365011930 -21.4472177455 -50.7048390468 -13.6416543385
-41.7397034698 -29.1401776662 -32.7080413236 -21.3346142592
-41.1977025680 -24.7288604649 -32.1660404218 -16.9232970579
-56.2912702793 -15.5665749156 -47.2596081331 -7.7610115086
-33.2821229209 -15.6524462718 -24.2504607747 -7.8468828648
-32.7613328132 -32.3748353339 -23.7296706670 -24.5692719269
-62.9921046599 -28.1869984395 -53.9604425137 -20.3814350325
-49.4659242249 -32.3830572082 -40.4342620787 -24.5774938012
-47.0668027032 -7.9146122888 -38.0351405570 -0.1090488818
-31.5720487427 -11.4281127566 -22.5403865965 -3.6225493496
-52.5677145805 -15.6189454109 -43.5360524343 -7.8133820039
-54.4669271462 -17.4560116147 -45.4352650000 -9.6504482077
-53.3959181027 -16.6761475108 -44.3642559565 -8.8705841038
-40.7425634079 -13.9549476031 -31.7109012617 -6.1493841961
-65.5378567853 -23.9644419348 -56.5061946391 -16.1588785278
-50.2408239010 -14.1119801967 -41.2091617548 -6.3064167897
-48.4406072023 -24.3657906870 -39.4089450561 -16.5602272800
-45.9418906283 -22.3415422670 -36.9102284821 -14.5359788600
-52.7021233912 -33.2265717956 -43.6704612450 -25.4210083886
-39.7584074634 -19.1835383963 -30.7267453172 -11.3779749893
-52.4526186387 -7.5469144944 -43.4209564925 0.2586489126
-55.5528477771 -5.6167735168 -46.5211856309 2.1887898902
-37.2426789776 3.3937964765 -28.2110168314 11.1993598835
-39.8645273788 -17.7361324470 -30.8328652326 -9.9305690400
-46.2849359350 -6.6107959422 -37.2532737888 1.1947674648
-29.6410471338 -30.3049846297 -20.6093849876 -22.4994212227
-66.7755814248 -17.5619807868 -57.7439192786 -9.7564173798
-51.1589778065 -9.7018633892 -42.1273156603 -1.8962999822
-35.5119363297 -24.2975273621 -26.4802741835 -16.4919639551
-68.4268152955 -32.2038528111 -59.3951531493 -24.3982894041
-51.7386437599 -8.4021605241 -42.7069816137 -0.5965971171
-49.4868081943 -31.4514916330 -40.4551460481 -23.6459282260
-33.8108236684 -27.3458535629 -24.7791615222 -19.5402901559
-58.1385286066 -19.6404650551 -49.1068664604 -11.8349016481
-65.9828276043 -29.4790137748 -56.9511654581 -21.6734503678
-40.8181612458 -8.2014890649 -31.7864990996 -0.3959256579
-38.7376442206 -28.1602398557 -29.7059820744 -20.3546764487
-57.0428266636 -10.5377038772 -48.0111645174 -2.7321404702
-69.7107488780 -28.6237730337 -60.6790867318 -20.8182096267
-73.7690834839 -6.0929389186 -64.7374213377 1.7126244884
-36.6648980169 4.7840557981 -27.6332358707 12.5896192051
-38.0109924296 4.7578269971 -28.9793302834 12.5633904041
-55.8390727298 -21.9367824485 -46.8074105836 -14.1312190415
-46.7746360702 -23.8217330317 -37.7429739240 -16.0161696247
-49.3924793246 -5.4065271117 -40.3608171784 2.3990362953
-60.7217700486 -32.2741417815 -51.6901079024 -24.4685783745
-57.0317476632 -1.0914644714 -48.0000855170 6.7140989356
-69.6313419207 -23.3823185741 -60.5996797745 -15.5767551671
-73.9582449185 -16.2687129535 -64.9265827723 -8.4631495465
-45.6764862442 -26.7876060667 -36.6448240980 -18.9820426597
-48.8294637194 -19.6246497546 -39.7978015732 -11.8190863476
-36.3808651147 -20.5515176715 -27.3492029685 -12.7459542645
-51.1866243659 -25.6130374404 -42.1549622197 -17.8074740334
-31.8683989702 -10.3291956635 -22.8367368240 -2.5236322565
-58.6520136527 2.8590794348 -49.6203515065 10.6646428418
-60.0557151579 -27.2492421422 -51.0240530117 -19.4436787352
-32.2102701729 -29.6257378576 -23.1786080267 -21.8201744506
-67.0783589643 -20.9682865543 -58.0466968181 -13.1627231473
-55.5576456976 -4.2411312644 -46.5259835514 3.5644321426
-47.7213198363 3.4531242625 -38.6896576901 11.2586876695
-52.2171035011 0.4343489503 -43.1854413549 8.2399123573
-29.2439052076 -0.2620257391 -20.2122430614 7.5435376679
-41.8143252078 -30.3245136075 -32.7826630616 -22.5189502005
-68.4123903490 -5.9001133007 -59.3807282028 1.9054501063
-49.8077747566 -4.4449905982 -40.7761126104 3.3605728088
-33.7179889981 -30.1188159632 -24.6863268519 -22.3132525562
-68.9044919573 -5.4546771730 -59.8728298111 2.3508862340
-54.5253142479 -9.6323926371 -45.4936521017 -1.8268292301
-31.8435137231 -19.5374178757 -22.8118515769 -11.7318544687
-64.1511466471 -23.0823877797 -55.1194845009 -15.2768243727
-60.3521635463 -13.1894026281 -51.3205014001 -5.3838392211
-54.1334069195 -24.8686999883 -45.1017447733 -17.0631365813
-45.4362264934 -10.6009077410 -36.4045643472 -2.7953443340
-48.9327444749 -32.1555234658 -39.9010823287 -24.3499600588
-58.2274179981 -28.4048688027 -49.1957558519 -20.5993053957
-29.1066543141 -1.2953771269 -20.0749921679 6.5101862801
-73.4181220280 4.6987206037 -64.3864598818 12.5042840107
-42.8560297646 -5.4333151188 -33.8243676184 2.3722482882
-70.7050852340 -2.0074268882 -61.6734230878 5.7981365188
-54.1676744842 -9.9968822569 -45.1360123380 -2.1913188499
-48.5199538289 -20.8268275141 -39.4882916827 -13.0212641071
-42.3127555676 -7.3277375845 -33.2810934214 0.4778258225
-71.4637961791 -28.5638945470 -62.4321340329 -20.7583311400
-60.6782192103 4.8729180072 -51.6465570641 12.6784814142
-51.5527509077 -13.7273982677 -42.5210887615 -5.9218348607
-62.1238051521 -2.5575135375 -53.0921430059 5.2480498695
-72.1988847634 -6.3189623865 -63.1672226172 1.4866010205
-72.7883160051 -7.5098040373 -63.7566538589 0.2957593697
-60.6316350563 -11.0410627605 -51.5999729101 -3.2354993535
-41.7916405699 -8.5675888783 -32.7599784237 -0.7620254713
-41.5377818922 -6.1455893804 -32.5061197460 1.6599740266
-52.4662316547 -5.1943141077 -43.4345695085 2.6112492993
-42.7281329896 -27.2538656334 -33.6964708434 -19.4483022264
-53.3510082780 -3.8783415258 -44.3193461318 3.9272218812
-29.7533386549 1.2332626268 -20.7216765087 9.0388260338
-57.1087353362 -12.5193897533 -48.0770731900 -4.7138263463
-63.7253140765 -30.7966017299 -54.6936519303 -22.9910383229
-64.0187061439 -22.6807493199 -54.9870439977 -14.8751859129
-64.5805285723 -13.6129372867 -55.5488664261 -5.8073738797
-61.6590772798 -6.2118543205 -52.6274151336 1.5937090865
-72.6889483127 -12.8229808305 -63.6572861665 -5.0174174235
-51.2008510139 -31.0628161773 -42.1691888677 -23.2572527703
-63.2027516256 -13.0012611291 -54.1710894794 -5.1956977221
-40.5272907030 -12.8674930717 -31.4956285568 -5.0619296647
-68.8728846211 -16.0158103916 -59.8412224749 -8.2102469846
-65.8560968373 -1.2661181268 -56.8244346911 6.5394452802
-66.6965047408 -8.1037276824 -57.6648425946 -0.2981642754
-48.5292275345 -0.4139482940 -39.4975653883 7.3916151130
-36.8072470333 -32.9215582414 -27.7755848871 -25.1159948344
-46.0205130761 -2.3967485295 -36.9888509299 5.4088148775
-32.5615756547 5.0268066522 -23.5299135085 12.8323700592
-58.3131567980 -28.0875402473 -49.2814946518 -20.2819768403
-70.8717071692 -11.5689453479 -61.8400450230 -3.7633819409
-54.6386571088 -22.9081540287 -45.6069949626 -15.1025906217
-70.1914453762 -6.3539835720 -61.1597832300 1.4515798350
-29.5898615495 -29.3278979342 -20.5581994033 -21.5223345272
-63.2432739426 -14.6950559525 -54.2116117964 -6.8894925455
-65.7725731141 -15.1245873648 -56.7409109679 -7.3190239578
-73.1008474565 2.2866200531 -64.0691853103 10.0921834601
-73.4430693511 -28.5443207165 -64.4114072049 -20.7387573095
-56.9397629430 -26.2328421138 -47.9081007968 -18.4272787068
-30.3887449398 -12.6962698558 -21.3570827936 -4.8907064488
-35.6258410294 -13.0765508049 -26.5941788832 -5.2709873979
-56.2235625363 -7.4720257859 -47.1919003901 0.3335376211
-49.1191761188 -33.2360047681 -40.0875139726 -25.4304413611
-52.4729523559 -15.4642673530 -43.4412902097 -7.6587039460
-73.6942918779 -1.5905923255 -64.6626297317 6.2149710815
-46.2886093787 -30.7846729209 -37.2569472325 -22.9791095139
-56.2806291759 -32.0979598597 -47.2489670297 -24.2923964527
-58.0225811376 -15.1471000533 -48.9909189914 -7.3415366463
-40.3876579980 -20.5906979909 -31.3559958518 -12.7851345839
-47.3568146112 4.5932294737 -38.3251524650 12.3987928807
-36.7241231245 -3.6157577199 -27.6924609783 4.1898056871
-53.2396146309 -0.7599337170 -44.2079524847 7.0456296900
-42.5919086433 -15.3291180548 -33.5602464971 -7.5235546478
-29.8030490075 -30.8918247857 -20.7713868613 -23.0862613787
-43.9861964984 3.1074440493 -34.9545343522 10.9130074563
-46.3305963712 -13.6763926569 -37.2989342250 -5.8708292499
-52.5890450266 -33.5039925185 -43.5573828804 -25.6984291115
-65.5244041956 -32.7728955472 -56.4927420494 -24.9673321402
-73.1192023730 -7.8228724854 -64.0875402268 -0.0173090784
-51.7099407929 -32.7270580584 -42.6782786467 -24.9214946514
-51.9461227855 -29.5668331927 -42.9144606393 -21.7612697857
-69.3838396680 0.6213177704 -60.3521775218 8.4268811774
-67.2467845330 -15.9546035496 -58.2151223868 -8.1490401426
-57.8614836356 1.1332178770 -48.8298214894 8.9387812840
-38.1815205937 3.2213570374 -29.1498584475 11.0269204444
-34.4280315937 -9.6089181578 -25.3963694475 -1.8033547508
-41.5103430731 -20.6384073207 -32.4786809269 -12.8328439137
-53.0515821522 -17.5570351115 -44.0199200060 -9.7514717045
-37.5129872866 -16.4787860355 -28.4813251404 -8.6732226285
-51.9548911768 -15.3073482363 -42.9232290306 -7.5017848293
-56.5257037120 -29.8148172126 -47.4940415658 -22.0092538056
-29.4321891869 -0.1461284690 -20.4005270407 7.6594349380
-69.1606143085 -26.9378390632 -60.1289521623 -19.1322756562
-33.9856269850 -28.8088526205 -24.9539648388 -21.0032892135
-36.1166070140 -18.9340495905 -27.0849448678 -11.1284861835
-67.0976573024 -20.9798561049 -58.0659951562 -13.1742926979
-52.0150858024 -23.7976872971 -42.9834236562 -15.9921238901
-64.6104496349 -8.9157214564 -55.5787874887 -1.1101580494
-41.8922641250 -11.6900003628 -32.8606019788 -3.8844369558
-50.0589699674 -14.0754550613 -41.0273078212 -6.2698916543
-50.8528886394 -17.8895530091 -41.8212264932 -10.0839896021
-68.4587070208 -24.6965407882 -59.4270448746 -16.8909773812
-40.4756156388 -10.8589048393 -31.4439534926 -3.0533414323
-44.7864513029 -12.2733483976 -35.7547891567 -4.4677849906
-72.6858881857 -28.4802984708 -63.6542260395 -20.6747350638
-72.9670653365 -17.5147125701 -63.9354031903 -9.7091491631
-63.3477978807 -33.3701172543 -54.3161357345 -25.5645538473
-61.4889977583 -20.3639710355 -52.4573356121 -12.5584076285
-65.6768157378 -27.3855447825 -56.6451535916 -19.5799813755
-52.7925752406 -32.8465305582 -43.7609130944 -25.0409671512
-49.4911603741 -9.4587799738 -40.4594982279 -1.6532165668
-58.1771204253 -32.5983398120 -49.1454582791 -24.7927764050
-34.3760758624 -11.9627876898 -25.3444137162 -4.1572242828
-43.9307736338 -10.7866207917 -34.8991114876 -2.9810573847
-68.4221604528 -26.1022445750 -59.3904983066 -18.2966811680
-69.8214033111 -8.9271111232 -60.7897411649 -1.1215477162
-46.7977130154 -25.3521288175 -37.7660508692 -17.5465654105
-34.8009379057 -20.2976205879 -25.7692757595 -12.4920571809
-37.7947458538 -13.6550904851 -28.7630837076 -5.8495270781
-33.5828994325 -1.3265871874 -24.5512372863 6.4789762196
-44.6496995414 2.0704717067 -35.6180373952 9.8760351137
-62.8548830591 0.8194497397 -53.8232209129 8.6250131467
-32.1118763934 -13.3078205419 -23.0802142472 -5.5022571349
-63.6685667122 -29.3854645572 -54.6369045660 -21.5799011502
-42.9811626617 -6.4952076257 -33.9495005155 1.3103557813
-67.9030827571 -24.7908223532 -58.8714206109 -16.9852589462
-59.5140315969 -14.8084274175 -50.4823694507 -7.0028640105
-62.2995370863 -26.0161345976 -53.2678749401 -18.2105711906
-72.0304303646 2.3467309275 -62.9987682184 10.1522943345
-38.4794152997 -27.2296829051 -29.4477531535 -19.4241194981
-68.5410221744 0.5573060837 -59.5093600282 8.3628694907
-37.7319862587 -5.5251738875 -28.7003241125 2.2803895195
-69.7435860436 -7.5583085956 -60.7119238974 0.2472548114
-70.9330317179 1.2162809536 -61.9013695717 9.0218443606
-65.5995919992 3.8283738651 -56.5679298530 11.6339372721
-41.1816230589 -1.1266507108 -32.1499609127 6.6789126962
-34.2285530205 4.2427142633 -25.1968908743 12.0482776703
-41.4094460426 -2.2064797030 -32.3777838964 5.5990837040
-51.5430440575 3.3425979878 -42.5113819113 11.1481613948
-32.4500893981 -26.5641513302 -23.4184272519 -18.7585879232
-44.7018118087 -31.6018020496 -35.6701496625 -23.7962386426
-55.3174976290 4.0877230355 -46.2858354828 11.8932864425
-49.5960324386 -7.4941814875 -40.5643702924 0.3113819195
-66.4269187179 -10.9593072484 -57.3952565717 -3.1537438414
-47.0100025364 3.4909703746 -37.9783403902 11.2965337816
-40.0833999697 -5.7086439166 -31.0517378235 2.0969194904
-36.3698097293 -12.1236468377 -27.3381475831 -4.3180834307
-54.0524170226 2.4477740155 -45.0207548764 10.2533374225
-63.8275890189 -13.8622920248 -54.7959268727 -6.0567286178
-36.8143847924 -17.7010342595 -27.7827226462 -9.8954708525
-52.6640369920 -12.2797480633 -43.6323748458 -4.4741846563
-62.8391296596 -19.9685693501 -53.8074675134 -12.1630059431
-50.3534818433 4.0594343133 -41.3218196971 11.8649977203
-66.7122980524 -32.9356368771 -57.6806359062 -25.1300734701
-32.4892455581 -30.5726730403 -23.4575834119 -22.7671096333
-64.7417004730 -11.5840741170 -55.7100383268 -3.7785107100
-67.8365274588 -9.6048075115 -58.8048653126 -1.7992441045
-49.7278686254 -7.3347501597 -40.6962064792 0.4708132473
-60.8388899183 -6.2304423708 -51.8072277721 1.5751210362
-62.2216798227 0.9478807320 -53.1900176765 8.7534441390
-44.2237784619 -33.2887272888 -35.1921163157 -25.4831638818
-46.5625742876 -14.5246923183 -37.5309121414 -6.7191289113
-48.4414338948 -31.8280777873 -39.4097717486 -24.0225143803
-55.0279518382 -2.8721922520 -45.9962896920 4.9333711550
-48.7630971727 -24.2463601322 -39.7314350265 -16.4407967252
-64.8588610328 -32.5299676990 -55.8271988866 -24.7244042920
-38.1593123559 -16.2065912089 -29.1276502097 -8.4010278019
-56.6406920512 -21.3688217407 -47.6090299050 -13.5632583337
-55.1092234957 -12.4514487761 -46.0775613495 -4.6458853691
-58.7302879531 -20.5786213566 -49.6986258069 -12.7730579496
-45.6780346551 -12.5542924278 -36.6463725089 -4.7487290208
-33.1104942945 -3.9486425272 -24.0788321483 3.8569208798
-66.6938436501 -16.4647262823 -57.6621815039 -8.6591628753
-54.1097791333 -16.0637686654 -45.0781169871 -8.2582052584
-67.3141180952 -6.3831298222 -58.2824559490 1.4224335848
-58.5442831452 -2.2403203947 -49.5126209990 5.5652430123
-41.7991958493 3.3176691365 -32.7675337031 11.1232325435
-60.4524526014 -22.8620939115 -51.4207904552 -15.0565305045
-28.8845058649 -5.6476107429 -19.8528437187 2.1579526641
-70.8306205110 -11.9786411369 -61.7989583648 -4.1730777299
-30.4853981712 -23.1131924022 -21.4537360250 -15.3076289952
-47.3957050553 -4.1979417446 -38.3640429091 3.6076216624
-41.3918185852 4.2428084942 -32.3601564390 12.0483719012
-70.6367833314 -28.2726202157 -61.6051211852 -20.4670568087
-50.5520442899 -17.6490847590 -41.5203821437 -9.8435213520
-52.4204790087 -28.0384418437 -43.3888168625 -20.2328784367
-30.8434060806 -18.7917997380 -21.8117439344 -10.9862363310
-32.9072981599 -29.1681568713 -23.8756360137 -21.3625934643
-36.6903040762 -20.0761567850 -27.6586419300 -12.2705933780
-48.2326404002 4.2704426344 -39.2009782540 12.0760060414
-71.6695041022 1.8743238558 -62.6378419560 9.6798872628
-38.7049758295 -3.9090063922 -29.6733136833 3.8965570148
-35.0464380792 -30.5683872355 -26.0147759330 -22.7628238285
-72.0302975278 -0.1240953857 -62.9986353816 7.6814680213
-37.8004899926 -29.3110662126 -28.7688278464 -21.5055028056
-55.0578255868 -3.8878315275 -46.0261634406 3.9177318795
-56.5547459315 -33.4170250857 -47.5230837853 -25.6114616787
-50.4098772960 -29.5219048818 -41.3782151498 -21.7163414748
-29.6525848284 -10.4582164664 -20.6209226822 -2.6526530594
-62.7685744716 -14.1885366188 -53.7369123254 -6.3829732118
-73.5763890339 -5.3958123087 -64.5447268877 2.4097510983
-44.7556759374 3.9114588957 -35.7240137912 11.7170223027
-69.0409946575 -11.9919255074 -60.0093325113 -4.1863621004
-70.2780127192 2.7779992590 -61.2463505730 10.5835626660
-33.0010192436 -8.2664861864 -23.9693570974 -0.4609227794
-32.8983780061 3.6947684265 -23.8667158599 11.5003318335
-48.4502337658 -6.7549326472 -39.4185716196 1.0506307598
-41.3018803984 -17.0336661005 -32.2702182522 -9.2281026935
-39.0817501407 -3.7910180148 -30.0500879945 4.0145453922
-60.9068944152 -11.3171805351 -51.8752322690 -3.5116171281
-34.1974423138 -6.0661777359 -25.1657801676 1.7393856711
-58.6474069022 -23.3042054981 -49.6157447560 -15.4986420911
-41.5809077239 -0.0964650619 -32.5492455777 7.7090983451
-57.0197206360 -6.4352821053 -47.9880584898 1.3702813017
-53.2666019476 -9.3706811164 -44.2349398014 -1.5651177094
-64.9174002967 -15.4676624991 -55.8857381505 -7.6620990921
-58.1400057099 -0.6286598788 -49.1083435637 7.1769035282
-54.4254432179 -15.7597852171 -45.3937810717 -7.9542218101
-55.6570181845 -13.6185813063 -46.6253560383 -5.8130178993
-56.0749562021 -21.4943473875 -47.0432940559 -13.6887839805
-66.3767661575 -21.7668408450 -57.3451040113 -13.9612774380
-61.6495286479 -5.0829095506 -52.6178665017 2.7226538564
-28.8976558969 5.1805033461 -19.8659937507 12.9860667531
-66.6446396423 -3.6229560489 -57.6129774961 4.1826073581
-39.4462440735 -16.0800168645 -30.4145819273 -8.2744534575
-58.3409247549 -8.5182786234 -49.3092626087 -0.7127152164
-66.6789111393 -6.9508283919 -57.6472489931 0.8547350151
-32.7168425067 0.5927398858 -23.6851803605 8.3983032928
-49.2082729562 -22.4264571936 -40.1766108100 -14.6208937866
-47.8142792895 -33.4354717625 -38.7826171433 -25.6299083555
-32.6875153724 -3.2720406890 -23.6558532262 4.5335227180
-52.4805229862 -23.3693114804 -43.4488608400 -15.5637480734
-45.5674129423 1.7627994610 -36.5357507961 9.5683628680
-41.1711785508 -32.3547827343 -32.1395164046 -24.5492193273
-54.7720792423 -28.9165623828 -45.7404170961 -21.1109989758
-58.2034364289 -10.5465290652 -49.1717742827 -2.7409656582
-54.5404368142 -9.4265717567 -45.5087746680 -1.6210083497
-59.1385024240 -16.9830393941 -50.1068402778 -9.1774759871
-45.9670312031 -14.5516939941 -36.9353690569 -6.7461305871
-64.8967773327 -18.6900798779 -55.8651151865 -10.8845164709
-31.3390224516 -12.3518117724 -22.3073603054 -4.5462483654
-72.5362402689 -29.5835852043 -63.5045781227 -21.7780217973
-63.3886908667 3.1912947033 -54.3570287205 10.9968581103
-29.4404095761 -3.1556133453 -20.4087474299 4.6499500617
-63.3106137713 -11.6390672834 -54.2789516251 -3.8335038764
-38.2344958276 -27.8379805275 -29.2028336814 -20.0324171205
-58.3073363259 -23.2720820252 -49.2756741797 -15.4665186182
-55.1466180790 4.3825117145 -46.1149559328 12.1880751215
-65.9419528920 -28.1142513613 -56.9102907458 -20.3086879543
-73.4201482480 -10.1707441368 -64.3884861018 -2.3651807298
-61.8848992568 -19.5992638155 -52.8532371106 -11.7937004085
-65.0255346140 -6.4642625928 -55.9938724678 1.3413008142
-29.4808961026 -13.1523915632 -20.4492339564 -5.3468281562
-68.1843966140 -10.0775837282 -59.1527344678 -2.2720203212
-73.1098362052 -20.8589771754 -64.0781740590 -13.0534137684
-29.1821704353 3.8863408920 -20.1505082891 11.6919042990
-34.3232224044 -32.7817018164 -25.2915602582 -24.9761384094
-70.7877601217 -29.3191088574 -61.7560979755 -21.5135454504
-30.1341506019 -31.4937693761 -21.1024884557 -23.6882059691
