-55.4639305650 -31.2632108867 -53.2060150284 -29.3118200350
-49.8316411319 4.2834456571 -47.5737255953 6.2348365089
-41.9872950725 -27.9863719967 -39.7293795359 -26.0349811449
-63.9454146253 -9.6537291209 -61.6874990888 -7.7023382692
-31.1267722958 -32.9826498981 -28.8688567593 -31.0312590464
-73.8885025022 1.1614691067 -71.6305869656 3.1128599584
-34.3253842159 -22.0903412219 -32.0674686794 -20.1389503701
-54.5859297164 -21.4379465556 -52.3280141799 -19.4865557039
-49.6180806707 -22.3704148934 -47.3601651341 -20.4190240416
-64.2875306416 1.3284752690 -62.0296151050 3.2798661207
-46.7394505283 -4.8377724839 -44.4815349918 -2.8863816322
-44.3723406573 -6.4969250808 -42.1144251208 -4.5455342290
-33.2785794964 4.3312714989 -31.0206639598 6.2826623506
-73.1273478588 -16.7452029747 -70.8694323222 -14.7938121230
-68.6244595126 -24.0418832546 -66.3665439761 -22.0904924029
-48.8687789597 -13.0870141015 -46.6108634232 -11.1356232497
-59.8881034333 -30.1734203387 -57.6301878967 -28.2220294869
-51.2404238321 -32.9173776261 -48.9825082955 -30.9659867743
-63.1912179054 -5.3930337251 -60.9333023689 -3.4416428733
-45.1538599299 -26.3859298600 -42.8959443933 -24.4345390083
-40.2994192907 -8.7260129627 -38.0415037542 -6.7746221109
-70.2407116705 -9.3662035967 -67.9827961339 -7.4148127449
-31.5526695711 -13.7250436593 -29.2947540346 -11.7736528075
-31.5385485281 -15.0235013867 -29.2806329916 -13.0721105350
-37.6610161999 -27.6892873014 -35.4031006633 -25.7378964497
-56.9002322028 -17.8147657646 -54.6423166662 -15.8633749128
-33.5320929706 -32.3963889576 -31.2741774340 -30.4449981058
-69.1845637672 -2.6128846269 -66.9266482307 -0.6614937751
-73.5275790366 -28.8365904964 -71.2696635000 -26.8851996447
-63.4528479723 -28.6984210855 -61.1949324357 -26.7470302338
-57.0803092301 -2.9176549801 -54.8223936936 -0.9662641283
-44.2447749968 -6.9336135133 -41.9868594602 -4.9822226615
-34.1847041456 -27.3946833585 -31.9267886090 -25.4432925068
-42.0064682701 -29.0287303281 -39.7485527336 -27.0773394763
-33.8336943662 -20.1999605604 -31.5757788297 -18.2485697086
-60.0148801264 -8.9412633990 -57.7569645898 -6.9898725472
-29.3653477120 -18.4169836336 -27.1074321755 -16.4655927819
-62.2371957897 2.4798096002 -59.9792802531 4.4312004519
-33.0865795328 -25.9172968751 -30.8286639962 -23.9659060234
-55.5680461510 -6.0153485013 -53.3101306145 -4.0639576496
-57.9227913406 -3.0443976497 -55.6648758040 -1.0930067980
-68.6273410869 -23.9115066359 -66.3694255504 -21.9601157842
-36.9035083360 -24.9474848384 -34.6455927994 -22.9960939867
-71.7448353831 -1.2837667582 -69.4869198466 0.6676240936
-58.1281628291 -22.6881585734 -55.8702472925 -20.7367677216
-30.5874722707 -5.4125947068 -28.3295567341 -3.4612038550
-70.6819674094 -9.5454857047 -68.4240518729 -7.5940948530
-55.3395418236 3.5252484357 -53.0816262871 5.4766392874
-38.6384139493 -29.0028790866 -36.3804984128 -27.0514882349
-70.5635614591 -7.5057488390 -68.3056459225 -5.5543579873
-52.8273061468 -18.6960047546 -50.5693906103 -16.7446139028
-60.0845005986 -15.9066758622 -57.8265850621 -13.9552850105
-38.8383797314 -11.5601589608 -36.5804641948 -9.6087681090
-56.5899497681 -7.0328783369 -54.3320342315 -5.0814874851
-39.2600977860 -2.7762377940 -37.0021822495 -0.8248469422
-56.1518336228 -28.8619027047 -53.8939180863 -26.9105118529
-47.7889313950 -13.6840208495 -45.5310158584 -11.7326299977
-56.9587412908 -18.0671017963 -54.7008257542 -16.1157109446
-40.5954259128 -17.0756632592 -38.3375103763 -15.1242724075
-63.4444949565 -30.1934436968 -61.1865794199 -28.2420528450
-41.9056063993 -26.1387361072 -39.6476908628 -24.1873452554
-37.0947179022 -3.1474980782 -34.8368023656 -1.1961072265
-37.1851823687 -24.7579263508 -34.9272668321 -22.8065354990
-40.6169024858 -10.4022535491 -38.3589869492 -8.4508626974
-58.1012376726 -1.9314112622 -55.8433221360 0.0199795896
-61.7749832386 -1.7136907052 -59.5170677021 0.2377001465
-64.9215626314 -11.1606943533 -62.6636470948 -9.2093035015
-61.4421655313 4.4817329393 -59.1842499948 6.4331237910
-67.3438373055 -7.8529125567 -65.0859217689 -5.9015217050
-44.0058695009 2.0238281578 -41.7479539644 3.9752190096
-53.3527683195 -31.4328690343 -51.0948527830 -29.4814781826
-72.1077920922 -32.2832825747 -69.8498765556 -30.3318917230
-48.0995349555 -17.3893465615 -45.8416194190 -15.4379557097
-54.1551072985 -21.5262582457 -51.8971917619 -19.5748673940
-35.7744564269 -7.4791155813 -33.5165408903 -5.5277247296
-55.7395174423 -12.0066943455 -53.4816019058 -10.0553034938
-34.7942266042 -25.1036030383 -32.5363110676 -23.1522121865
-58.5886045090 -7.0799361926 -56.3306889724 -5.1285453408
-53.5894629233 -30.6099388467 -51.3315473868 -28.6585479949
-61.2822838959 -2.3723804291 -59.0243683594 -0.4209895773
-33.5486280406 -12.1958718570 -31.2907125041 -10.2444810052
-45.7819015374 -29.9744458528 -43.5239860008 -28.0230550010
-68.0794080518 1.4878825711 -65.8214925152 3.4392734228
-70.5511009088 -22.8830992697 -68.2931853723 -20.9317084179
-48.4188394691 -4.8495380565 -46.1609239325 -2.8981472047
-65.1898375708 -32.8276770985 -62.9319220343 -30.8762862468
-37.8773306555 -24.5030254041 -35.6194151190 -22.5516345523
-71.2342753772 -19.1771596486 -68.9763598406 -17.2257687969
-44.3685093950 -14.2113896651 -42.1105938584 -12.2599988134
-42.9927943115 -14.1352444603 -40.7348787749 -12.1838536086
-66.1516420526 -30.2009825291 -63.8937265161 -28.2495916773
-71.3023072531 -32.1140366803 -69.0443917165 -30.1626458286
-59.8875149724 -18.1018109567 -57.6295994358 -16.1504201050
-41.2462454827 -3.9161605772 -38.9883299461 -1.9647697255
-52.2590758578 -33.4818423417 -50.0011603212 -31.5304514900
-48.3303356137 -19.0309625863 -46.0724200771 -17.0795717345
-48.7484536141 -26.2081089210 -46.4905380776 -24.2567180692
-52.5988624235 -6.8121431012 -50.3409468869 -4.8607522494
-69.6572720728 -12.2759840265 -67.3993565362 -10.3245931748
-30.2554533931 -7.8909360627 -27.9975378566 -5.9395452110
-60.8695908430 -27.3601932281 -58.6116753065 -25.4088023763
-43.0103764525 -30.2136089010 -40.7524609159 -28.2622180492
-55.9055777280 -4.5796184553 -53.6476621914 -2.6282276036
-53.0447549416 -31.5334532536 -50.7868394051 -29.5820624018
-62.7966916063 -27.8720491361 -60.5387760697 -25.9206582844
-48.7380208188 -17.2871930940 -46.4801052823 -15.3358022423
-63.0908288809 -9.5884991937 -60.8329133444 -7.6371083419
-53.0568594167 -12.1276628715 -50.7989438802 -10.1762720198
-73.0938969350 -26.3730653212 -70.8359813984 -24.4216744695
-59.6179788500 -14.1799226278 -57.3600633135 -12.2285317761
-65.1526021310 0.8619558178 -62.8946865944 2.8133466695
-34.3233337922 -4.2826674825 -32.0654182556 -2.3312766307
-70.3815194678 -19.9941563271 -68.1236039312 -18.0427654754
-53.8915745119 -26.8720591803 -51.6336589754 -24.9206683286
-33.2348166279 -17.5957326817 -30.9769010914 -15.6443418299
-36.1192494314 -26.2013421820 -33.8613338948 -24.2499513302
-47.9132867221 -13.2594710783 -45.6553711855 -11.3080802265
-61.1722968226 4.4308098555 -58.9143812860 6.3822007072
-61.6952455455 -4.5557652715 -59.4373300090 -2.6043744198
-72.4139194470 -13.4357773994 -70.1560039105 -11.4843865476
-33.4172581393 -10.5492038041 -31.1593426028 -8.5978129524
-31.4446171597 -28.2787087651 -29.1867016232 -26.3273179133
-64.3549254388 -17.9020629418 -62.0970099022 -15.9506720900
-42.6490879746 -24.6336928572 -40.3911724380 -22.6823020055
-47.1255493288 -33.2558747944 -44.8676337923 -31.3044839426
-40.8061415365 -2.8800815468 -38.5482259999 -0.9286906950
-33.3780384103 -9.8023633731 -31.1201228737 -7.8509725214
-49.3418643058 4.4820652462 -47.0839487693 6.4334560979
-30.3726393764 4.9367606781 -28.1147238398 6.8881515298
-66.9610064986 0.1554772539 -64.7030909620 2.1068681056
-55.7014345969 5.0691481307 -53.4435190604 7.0205389824
-71.1911421014 4.6072394127 -68.9332265648 6.5586302645
-50.5308496668 -20.2386786851 -48.2729341303 -18.2872878333
-30.5962428910 -2.8350922266 -28.3383273545 -0.8837013748
-69.7431477891 5.1297261247 -67.4852322526 7.0811169765
-59.8806894651 4.9998789617 -57.6227739286 6.9512698135
-47.3247597049 -23.7995198466 -45.0668441683 -21.8481289948
-67.9894608017 -2.3628603862 -65.7315452651 -0.4114695344
-44.1477510543 -1.4630641140 -41.8898355178 0.4883267378
-72.2911646394 -23.7545737254 -70.0332491028 -21.8031828736
-36.0682727228 -3.5880314206 -33.8103571863 -1.6366405688
-71.8724196959 -4.8907205589 -69.6145041594 -2.9393297072
-56.5477493576 -10.6030840286 -54.2898338210 -8.6516931768
-41.5268368432 -19.9925942394 -39.2689213066 -18.0412033876
-47.6103799416 0.3956710078 -45.3524644050 2.3470618595
-64.0071233643 4.8690249188 -61.7492078278 6.8204157705
-34.7307563937 -22.6886616408 -32.4728408572 -20.7372707890
-30.0891929585 -18.5590005896 -27.8312774219 -16.6076097378
-45.5660507176 2.6808168193 -43.3081351810 4.6322076711
-65.8086691259 -5.4996469746 -63.5507535894 -3.5482561229
-32.0165660405 -14.4706421693 -29.7586505040 -12.5192513176
-41.6322615361 -13.4424315157 -39.3743459995 -11.4910406639
-40.1773223169 -0.5842775434 -37.9194067804 1.3671133083
-59.3419787631 -17.7496074782 -57.0840632265 -15.7982166265
-43.4229282150 -19.6075248905 -41.1650126785 -17.6561340388
-43.9193416074 -13.5719602929 -41.6614260708 -11.6205694411
-67.8931066793 -5.9166991497 -65.6351911428 -3.9653082980
-62.4167906550 -13.3916308320 -60.1588751185 -11.4402399803
-60.1687024061 4.3229840901 -57.9107868696 6.2743749418
-34.5239018719 1.0082137440 -32.2659863353 2.9596045957
-35.5941279620 -30.0270217840 -33.3362124255 -28.0756309323
-34.2535539662 -5.6500225623 -31.9956384296 -3.6986317105
-56.8919478029 -0.4799938043 -54.6340322664 1.4713970474
-69.0657690214 -33.4208864428 -66.8078534848 -31.4694955911
-38.5074613792 -22.4087956952 -36.2495458426 -20.4574048434
-40.9298541282 -5.8221308213 -38.6719385916 -3.8707399696
-38.5681430873 -16.2259811575 -36.3102275508 -14.2745903058
-63.3446317701 -12.9274625544 -61.0867162335 -10.9760717026
-60.5048058551 -11.8755339659 -58.2468903185 -9.9241431142
-31.3915066285 4.3367199145 -29.1335910920 6.2881107662
-32.3241002846 -9.9591139102 -30.0661847480 -8.0077230585
-51.7399028400 -31.4842948948 -49.4819873034 -29.5329040430
-59.4235773923 -4.5036009756 -57.1656618557 -2.5522101238
-47.8207201018 -9.2012759655 -45.5628045652 -7.2498851137
-41.2629781153 -16.0380134540 -39.0050625787 -14.0866226022
-50.5340192261 -11.2954585862 -48.2761036895 -9.3440677344
-49.1966150839 -18.1493203573 -46.9386995474 -16.1979295055
-60.6612690592 2.4692357164 -58.4033535226 4.4206265681
-62.6095987430 -17.9601840275 -60.3516832064 -16.0087931757
-31.7092185083 -32.2619879269 -29.4513029718 -30.3105970752
-42.6058225558 -7.6500468179 -40.3479070192 -5.6986559661
-39.9620553738 -15.0262802793 -37.7041398373 -13.0748894276
-68.6804669058 4.8734562226 -66.4225513692 6.8248470744
-73.3987096525 -17.4919664035 -71.1407941159 -15.5405755518
-49.1559547780 3.5913244779 -46.8980392415 5.5427153296
-56.2756639319 -15.2908163270 -54.0177483954 -13.3394254752
-48.4220323910 0.8038333872 -46.1641168544 2.7552242389
-50.0182298795 0.9507177805 -47.7603143429 2.9021086323
-45.3349173889 -29.4288996225 -43.0770018524 -27.4775087708
-50.6005466617 -19.7138812724 -48.3426311251 -17.7624904207
-48.5045398290 -32.2771172049 -46.2466242924 -30.3257263532
-31.7759694556 -29.3098109885 -29.5180539190 -27.3584201368
-54.2431069541 -24.7605007343 -51.9851914175 -22.8091098825
-72.1106856317 -6.8336144159 -69.8527700951 -4.8822235642
-45.3269336752 4.4299113092 -43.0690181387 6.3813021610
-41.1324229202 -20.8675271766 -38.8745073837 -18.9161363248
-44.7799446295 -14.9575837832 -42.5220290929 -13.0061929315
-37.4276897482 -3.9018431930 -35.1697742117 -1.9504523413
-52.7221332910 -1.6254129637 -50.4642177544 0.3259778881
-65.8083414181 -32.9197020842 -63.5504258816 -30.9683112325
-38.7792728038 -11.3547358128 -36.5213572672 -9.4033449610
-51.6791109846 -20.2353746985 -49.4211954481 -18.2839838467
-53.2622292230 -32.7634923069 -51.0043136864 -30.8121014552
-63.3678828100 -30.0841667943 -61.1099672735 -28.1327759426
-67.8572586984 -4.3408948482 -65.5993431618 -2.3895039965
-53.5160099691 -6.4093506268 -51.2580944326 -4.4579597750
-38.2656524815 -18.5852505993 -36.0077369449 -16.6338597476
-37.2256105202 -24.8223123075 -34.9676949836 -22.8709214558
-46.0501857714 -0.3375995796 -43.7922702349 1.6137912721
-32.5241222547 -23.8442987875 -30.2662067181 -21.8929079358
-36.3188574139 -8.5293917403 -34.0609418773 -6.5780008886
-47.6308435518 -14.9613205593 -45.3729280152 -13.0099297076
-68.2303020740 -18.3834961122 -65.9723865374 -16.4321052605
-62.8801814527 -10.3767828113 -60.6222659161 -8.4253919596
-64.2059005538 -17.0626530761 -61.9479850172 -15.1112622243
-45.9931805350 5.1513227111 -43.7352649984 7.1027135629
-73.9351853008 -29.2848659808 -71.6772697643 -27.3334751290
-58.5074464053 -15.7739710598 -56.2495308687 -13.8225802080
-67.6906002367 -11.1743886507 -65.4326847001 -9.2229977989
-48.9572182367 -22.9907958379 -46.6993027001 -21.0394049862
-59.0064158091 -33.4340485948 -56.7485002725 -31.4826577431
-29.9140037903 -28.9389752974 -27.6560882538 -26.9875844457
-56.0861754625 -2.8971707722 -53.8282599259 -0.9457799204
-58.1017956002 -33.1429132199 -55.8438800636 -31.1915223682
-44.7968783364 -23.1950770024 -42.5389627998 -21.2436861507
-61.8344485546 -14.9759554207 -59.5765330180 -13.0245645689
-32.6034308617 -0.4490836105 -30.3455153252 1.5023072412
-30.5355056466 -32.0171240116 -28.2775901101 -30.0657331599
-62.8447932804 -25.6061194595 -60.5868777438 -23.6547286078
-44.9488254017 -15.6471685258 -42.6909098651 -13.6957776741
-45.2668670710 -23.4682543743 -43.0089515345 -21.5168635226
-53.1985242927 -8.8640241166 -50.9406087561 -6.9126332649
-56.9352653302 -2.3855775292 -54.6773497937 -0.4341866775
-69.5621239966 -13.5515242636 -67.3042084601 -11.6001334118
-56.7439570143 -8.2739957045 -54.4860414778 -6.3226048527
-38.1780708299 -5.8809294060 -35.9201552934 -3.9295385542
-44.1552275401 -3.7203292584 -41.8973120035 -1.7689384067
-36.1850982149 -31.5052061856 -33.9271826783 -29.5538153339
-48.7109675569 -26.3590549824 -46.4530520203 -24.4076641307
-70.6987321105 -25.6857671809 -68.4408165739 -23.7343763291
-53.2337795229 -20.3853770520 -50.9758639863 -18.4339862002
-42.9445495175 -19.0564634198 -40.6866339810 -17.1050725681
-65.1611298934 -8.3768612555 -62.9032143568 -6.4254704038
-54.9919111734 -16.4727201124 -52.7339956368 -14.5213292607
-35.2167101164 -31.2453569102 -32.9587945799 -29.2939660585
-33.0609633569 -14.4296159247 -30.8030478204 -12.4782250729
-59.2037103857 -19.4214141801 -56.9457948491 -17.4700233284
-68.0065974124 -6.2167772786 -65.7486818758 -4.2653864269
-66.2864262006 -24.7373149267 -64.0285106640 -22.7859240749
-63.9274983839 -12.1726375982 -61.6695828473 -10.2212467465
-34.0924100123 -33.1163013891 -31.8344944758 -31.1649105373
-61.9434131603 -12.4972176045 -59.6854976237 -10.5458267527
-38.5186117081 -29.6791514348 -36.2606961716 -27.7277605831
-46.8100084080 -20.2598104234 -44.5520928714 -18.3084195717
-60.7363730432 -7.4005888165 -58.4784575067 -5.4491979647
-49.0583930323 -4.3423840230 -46.8004774957 -2.3909931712
-73.2045782845 -24.3851628799 -70.9466627480 -22.4337720281
-68.1283308038 -25.4261062581 -65.8704152672 -23.4747154064
-33.8039655670 -12.2502975300 -31.5460500305 -10.2989066783
-44.3759776796 -4.5228675245 -42.1180621431 -2.5714766727
-46.2236356742 -11.7965777010 -43.9657201376 -9.8451868493
-62.9835314760 3.0406886362 -60.7256159394 4.9920794880
-32.0173965392 -19.0518031994 -29.7594810026 -17.1004123477
-44.7289788978 -29.8306632995 -42.4710633613 -27.8792724477
-46.5631966674 0.2499300882 -44.3052811308 2.2013209399
-44.4968630767 -14.5782914495 -42.2389475401 -12.6269005977
-33.9247035965 2.1652694059 -31.6667880599 4.1166602577
-72.3825228372 -7.4808646224 -70.1246073006 -5.5294737707
-72.8897554652 -8.8557955181 -70.6318399286 -6.9044046663
-73.1521731746 -21.3299511020 -70.8942576381 -19.3785602502
-59.8639288436 -11.4641153242 -57.6060133071 -9.5127244724
-70.7589381966 -20.8480299484 -68.5010226600 -18.8966390966
-37.3761658367 -25.8768622949 -35.1182503002 -23.9254714431
-49.4385616550 -6.3891650317 -47.1806461185 -4.4377741799
-40.0118573475 -25.9508252693 -37.7539418109 -23.9994344175
-53.6800856922 -19.4006769574 -51.4221701557 -17.4492861056
-39.5724482243 -6.6701957143 -37.3145326877 -4.7188048625
-59.9838069556 -6.7432575072 -57.7258914190 -4.7918666555
-70.8164031786 3.6582433092 -68.5584876421 5.6096341610
-38.2146353773 -7.2889797320 -35.9567198407 -5.3375888803
-36.5319202151 -16.3550843965 -34.2740046785 -14.4036935448
-66.3561743998 -5.7638776488 -64.0982588632 -3.8124867971
-57.4727425650 -25.7484599626 -55.2148270284 -23.7970691109
-56.3792177212 -18.5093767467 -54.1213021847 -16.5579858949
-35.9355748101 -17.7910970443 -33.6776592736 -15.8397061925
-41.9929729085 -27.6663195606 -39.7350573719 -25.7149287089
-29.7463034307 -3.2895256477 -27.4883878941 -1.3381347959
-52.0306679039 -2.8823532647 -49.7727523674 -0.9309624130
-29.6435264544 -32.5663483895 -27.3856109178 -30.6149575378
-51.7818792972 -5.0714104415 -49.5239637606 -3.1200195897
-63.6047367466 3.0107694203 -61.3468212101 4.9621602721
-69.3701554286 4.9853777501 -67.1122398920 6.9367686018
-45.2882392796 -17.6377554472 -43.0303237431 -15.6863645954
-43.0879976084 -6.1871049530 -40.8300820718 -4.2357141013
-57.2294053176 -15.1374803092 -54.9714897810 -13.1860894574
-56.6468994263 -25.9048355390 -54.3889838897 -23.9534446873
-32.3350993136 -12.1490355938 -30.0771837771 -10.1976447420
-32.5389172183 -22.4880594235 -30.2810016817 -20.5366685718
-39.7461173910 -21.7191351863 -37.4882018544 -19.7677443345
-43.3329970097 -10.2796137293 -41.0750814731 -8.3282228775
-41.6121829153 -18.6146266929 -39.3542673787 -16.6632358411
-39.8021637289 -6.5433072912 -37.5442481923 -4.5919164395
-66.3988488552 -24.2381454911 -64.1409333187 -22.2867546393
-51.9602342395 -27.8762200284 -49.7023187029 -25.9248291767
-61.6230290447 4.4971414023 -59.3651135082 6.4485322541
-34.0187269645 -14.0717131602 -31.7608114280 -12.1203223084
-32.3667356270 4.8024194572 -30.1088200905 6.7538103090
-51.5676078632 -11.9850122517 -49.3096923267 -10.0336213999
-55.9055018572 -26.6777119476 -53.6475863207 -24.7263210958
-62.0805852180 -3.6205278732 -59.8226696814 -1.6691370215
-44.2792063102 -8.4538816170 -42.0212907737 -6.5024907652
-30.0588898294 -11.0856196365 -27.8009742929 -9.1342287847
-64.8932155713 1.0280607077 -62.6353000348 2.9794515595
-34.7431153344 3.7217245407 -32.4851997979 5.6731153924
-64.9952205922 -12.3489779224 -62.7373050557 -10.3975870706
-48.6419930374 2.0208305987 -46.3840775008 3.9722214505
-31.7230501153 -21.3095022239 -29.4651345788 -19.3581113721
-46.2868577275 -29.6734367012 -44.0289421910 -27.7220458494
-48.5979562520 -29.7816340469 -46.3400407155 -27.8302431952
-62.4852421332 -1.1021872163 -60.2273265966 0.8492036354
-70.3101733567 -28.2751498736 -68.0522578201 -26.3237590218
-58.6114081891 -33.6100785841 -56.3534926525 -31.6586877324
-68.2138193438 -1.0659155138 -65.9559038073 0.8854753380
-48.6528517645 -13.1137461516 -46.3949362279 -11.1623552999
-73.1555893559 -1.5450707145 -70.8976738193 0.4063201372
-60.4168854978 -7.3366824103 -58.1589699613 -5.3852915586
-52.6235787277 -23.0653171824 -50.3656631912 -21.1139263307
-62.3700691430 -7.4075492694 -60.1121536064 -5.4561584176
-66.5528609800 -28.8016608521 -64.2949454435 -26.8502700004
-45.3187843623 -19.5340106804 -43.0608688258 -17.5826198286
-43.5102646745 -26.0772106976 -41.2523491380 -24.1258198459
-61.3181421808 -9.8921060638 -59.0602266442 -7.9407152121
-50.7259020190 1.1586634987 -48.4679864824 3.1100543504
-41.6761816134 -30.7122232923 -39.4182660768 -28.7608324405
-29.0147489763 4.1347549027 -26.7568334398 6.0861457545
-32.7075006898 -30.7131429019 -30.4495851533 -28.7617520501
-68.9863607183 -23.7939906123 -66.7284451818 -21.8425997606
-70.3227991908 -24.4188051143 -68.0648836542 -22.4674142626
-69.8188927632 -8.6683579608 -67.5609772267 -6.7169671091
-39.3238476121 -29.4092133328 -37.0659320756 -27.4578224811
-52.8717450387 -31.0725050180 -50.6138295022 -29.1211141662
-38.4136241552 2.9819392842 -36.1557086187 4.9333301359
-58.5374762903 -31.9738775171 -56.2795607537 -30.0224866654
-46.1747751875 -13.9529413491 -43.9168596509 -12.0015504973
-66.2178456286 -23.9449314943 -63.9599300921 -21.9935406425
-34.6427651916 -0.6762227646 -32.3848496550 1.2751680871
-53.7753048025 -27.8058118201 -51.5173892660 -25.8544209684
-53.2823929460 3.8410992839 -51.0244774095 5.7924901357
-71.8868751548 -26.9395513024 -69.6289596182 -24.9881604507
-72.1460329666 -32.0757985969 -69.8881174301 -30.1244077451
-67.4409661800 3.5366027909 -65.1830506435 5.4879936426
-68.5475143382 -23.7508711159 -66.2895988016 -21.7994802642
-64.4934103884 -25.8622086238 -62.2354948519 -23.9108177720
-51.6318533095 -21.9229736929 -49.3739377729 -19.9715828412
-35.8503108332 -23.4800901702 -33.5923952966 -21.5286993184
-55.2911316407 -21.5496749689 -53.0332161042 -19.5982841171
-59.0174018636 -25.8559454429 -56.7594863270 -23.9045545911
-62.5383475124 -7.4404630275 -60.2804319758 -5.4890721758
-62.8094169261 0.2009745847 -60.5515013896 2.1523654365
-65.8078725251 -17.3554069682 -63.5499569886 -15.4040161165
-68.5276501027 -31.6860361150 -66.2697345661 -29.7346452633
-61.9180299589 -11.5439617573 -59.6601144224 -9.5925709055
-64.7325129631 -5.4056382703 -62.4745974266 -3.4542474185
-49.9668188488 -23.9168589488 -47.7089033122 -21.9654680970
-33.3216545864 -11.3796662270 -31.0637390498 -9.4282753753
-60.6836693500 -31.9556657178 -58.4257538135 -30.0042748660
-50.1290425939 -17.5316446653 -47.8711270574 -15.5802538135
-60.3526047868 -4.9061309848 -58.0946892503 -2.9547401330
-46.1058435661 -2.6262586847 -43.8479280296 -0.6748678330
-72.0974132350 -15.7022825294 -69.8394976984 -13.7508916776
-71.2611268499 -15.9391543774 -69.0032113133 -13.9877635256
-38.9991781453 -18.4368067352 -36.7412626087 -16.4854158835
-44.2559577516 -32.6253729284 -41.9980422151 -30.6739820766
-70.9960639893 1.6250315808 -68.7381484528 3.5764224325
-33.4133054795 -24.0763538665 -31.1553899430 -22.1249630148
-59.2552943546 -32.9740349803 -56.9973788180 -31.0226441286
-60.4172313532 -10.5676848475 -58.1593158166 -8.6162939957
-47.4065676095 -14.0042835557 -45.1486520730 -12.0528927040
-59.5364043404 -29.0265389563 -57.2784888039 -27.0751481045
-39.7734787832 -25.1241924358 -37.5155632467 -23.1728015840
-42.6488953958 -31.6916627060 -40.3909798592 -29.7402718543
-61.9416475673 -25.0549483466 -59.6837320307 -23.1035574949
-52.8509889435 -11.5364406080 -50.5930734069 -9.5850497563
-30.5630480520 -30.3950233343 -28.3051325154 -28.4436324826
-57.4413675304 -33.5958637544 -55.1834519938 -31.6444729026
-49.2339547830 -17.0747278930 -46.9760392464 -15.1233370413
-53.2116632637 -21.1271260542 -50.9537477271 -19.1757352024
-36.9853694637 -29.1079806442 -34.7274539271 -27.1565897924
-58.0916264599 0.8333329168 -55.8337109234 2.7847237686
-72.8539635672 -23.9547600001 -70.5960480306 -22.0033691484
-67.9480270684 -20.0190041781 -65.6901115319 -18.0676133263
-61.7668553748 -16.7832736053 -59.5089398382 -14.8318827535
-31.2869285842 -0.1968373389 -29.0290130476 1.7545535129
-31.5193490869 -23.3656918704 -29.2614335504 -21.4143010187
-29.7094665436 -6.4865623214 -27.4515510070 -4.5351714696
-52.0023597045 -7.4074441525 -49.7444441679 -5.4560533007
-40.0709438775 -4.3197880806 -37.8130283409 -2.3683972288
-33.4572677610 -25.1793950909 -31.1993522245 -23.2280042391
-59.4009167058 -0.2013345226 -57.1430011693 1.7500563291
-60.1997331835 -6.8246077267 -57.9418176470 -4.8732168750
-35.0017449740 -0.4217699097 -32.7438294375 1.5296209420
-68.7074357384 -21.1100790827 -66.4495202019 -19.1586882310
-65.9877887477 2.8112670598 -63.7298732112 4.7626579116
-54.0019971061 -13.0792576204 -51.7440815695 -11.1278667687
-36.8368957771 -15.4788714644 -34.5789802406 -13.5274806126
-38.7470042481 3.5958992998 -36.4890887116 5.5472901515
-36.9695649229 -31.7406752751 -34.7116493864 -29.7892844233
-56.3128383682 -3.8624273601 -54.0549228316 -1.9110365084
-32.8499396871 -20.7806111755 -30.5920241506 -18.8292203237
-72.5591050368 1.0612483987 -70.3011895002 3.0126392505
-72.6042939514 -13.4958662108 -70.3463784148 -11.5444753591
-48.3970467751 -3.2232612164 -46.1391312385 -1.2718703647
-61.6681290930 -15.6142679982 -59.4102135564 -13.6628771464
-73.9181385238 -10.4775627254 -71.6602229872 -8.5261718736
-59.3539089751 -21.7549374065 -57.0959934386 -19.8035465548
-61.0739871570 -26.4184805249 -58.8160716204 -24.4670896732
-66.7142167748 -18.0071858172 -64.4563012382 -16.0557949654
-50.8900300189 -20.5312829891 -48.6321144823 -18.5798921374
-58.6368852195 3.5033350264 -56.3789696830 5.4547258781
-34.7857671002 -27.3848155792 -32.5278515636 -25.4334247274
-54.9106448992 -8.4224209042 -52.6527293626 -6.4710300524
-68.5796716952 -24.2790918258 -66.3217561587 -22.3277009740
-42.3675988032 -13.7819702939 -40.1096832666 -11.8305794421
-73.6159819343 -9.8784714853 -71.3580663977 -7.9270806336
-35.8873546405 -32.1753181437 -33.6294391040 -30.2239272919
-51.2562233471 0.3923823417 -48.9983078105 2.3437731934
-48.7408980612 -30.9969156207 -46.4829825247 -29.0455247690
-44.3295435428 -1.2647013381 -42.0716280062 0.6866895137
-49.8285525112 -8.0392149274 -47.5706369746 -6.0878240757
-54.6407300750 -0.2046488137 -52.3828145385 1.7467420381
-30.3699001228 -5.8501142609 -28.1119845863 -3.8987234091
-71.8590832675 -28.7765393592 -69.6011677310 -26.8251485074
-68.6587972494 -11.9295516385 -66.4008817128 -9.9781607867
-52.9487795421 -15.8588985808 -50.6908640056 -13.9075077290
-50.8037975334 -20.6962256500 -48.5458819969 -18.7448347983
-45.9321205665 2.7925672228 -43.6742050300 4.7439580745
-29.5882858436 -4.8104930952 -27.3303703071 -2.8591022434
-65.9156201077 -7.0596054256 -63.6577045712 -5.1082145738
-62.5669594471 -26.4337235161 -60.3090439106 -24.4823326643
-60.6527017632 -29.9607246037 -58.3947862266 -28.0093337520
-63.7110353620 -2.5609797247 -61.4531198254 -0.6095888730
-30.1086198016 -3.0302716350 -27.8507042651 -1.0788807833
-34.7248523123 -9.2049008822 -32.4669367758 -7.2535100304
-46.0236176784 -17.9469416566 -43.7657021419 -15.9955508048
-61.0068132850 -31.8707338169 -58.7488977484 -29.9193429652
-62.0568341629 -23.8439478707 -59.7989186264 -21.8925570189
-39.5417220864 -21.5803995542 -37.2838065499 -19.6290087025
-56.7817981794 0.6439891701 -54.5238826429 2.5953800219
-34.6693770868 -0.6783552172 -32.4114615503 1.2730356346
-58.6588589057 -18.7418475319 -56.4009433691 -16.7904566802
-65.7860922169 3.7635137736 -63.5281766803 5.7149046254
-59.5085848849 -27.2989071486 -57.2506693483 -25.3475162968
-42.2654288559 -14.2414846574 -40.0075133194 -12.2900938057
-35.6512305603 3.5548775441 -33.3933150238 5.5062683958
-42.9601533836 -28.1022692123 -40.7022378470 -26.1508783605
-71.6076702648 1.9657045641 -69.3497547283 3.9170954159
-31.3755145348 -32.7798690670 -29.1175989982 -30.8284782153
-42.2857792908 -1.9990069747 -40.0278637543 -0.0476161229
-44.4754212848 -21.1930368244 -42.2175057483 -19.2416459726
-64.1330502757 2.9932515490 -61.8751347391 4.9446424008
-57.2947125757 -14.9032188287 -55.0367970392 -12.9518279769
-65.1799158306 -28.5624813749 -62.9220002941 -26.6110905231
-38.1101482180 -11.2490462255 -35.8522326814 -9.2976553738
-73.3579218720 -7.7714322496 -71.1000063354 -5.8200413978
-54.8549488326 -19.9390813426 -52.5970332961 -17.9876904908
-71.7319785302 -10.1076620189 -69.4740629936 -8.1562711671
-59.7704173718 -19.2682398360 -57.5125018353 -17.3168489842
-39.1780762321 -33.0560436891 -36.9201606955 -31.1046528373
-34.6691147566 -9.5429444156 -32.4111992200 -7.5915535639
-30.0308916528 -11.9627953227 -27.7729761163 -10.0114044710
-39.4542069690 -32.7126929500 -37.1962914324 -30.7613020982
-52.6214247598 -6.0863252389 -50.3635092232 -4.1349343871
-71.6758198581 -26.8951546280 -69.4179043216 -24.9437637763
-50.4093669559 -6.2273776052 -48.1514514193 -4.2759867535
-51.5375688729 -4.8369605538 -49.2796533364 -2.8855697020
-44.7961328138 0.0979923037 -42.5382172772 2.0493831555
-63.8949587922 -0.8905020869 -61.6370432556 1.0608887649
-73.9896839849 -33.0294774925 -71.7317684483 -31.0780866407
-55.1004197765 -33.1886610213 -52.8425042400 -31.2372701695
-43.1056001680 -0.8726294823 -40.8476846315 1.0787613694
-57.3687329834 -5.0920521976 -55.1108174469 -3.1406613458
-53.7590667807 -7.0811726069 -51.5011512442 -5.1297817551
-69.2407992142 -25.1925403958 -66.9828836777 -23.2411495441
-42.3376536840 4.3521208173 -40.0797381475 6.3035116690
-36.0874176582 -7.4162451149 -33.8295021217 -5.4648542631
-49.8601499850 -10.1585611134 -47.6022344485 -8.2071702616
-42.3280751075 -33.4412620626 -40.0701595710 -31.4898712108
-59.8506247360 -4.3715457027 -57.5927091994 -2.4201548510
-65.7097466695 -1.1358982748 -63.4518311329 0.8154925770
-53.3177932096 -7.1746537638 -51.0598776731 -5.2232629120
-47.9650660455 -29.6665461263 -45.7071505089 -27.7151552746
-49.2422541130 -2.5187179563 -46.9843385765 -0.5673271046
-31.2526317899 -12.3468302766 -28.9947162533 -10.3954394248
-37.0277889489 -19.5022762710 -34.7698734123 -17.5508854193
-48.5838903037 -14.1269678467 -46.3259747672 -12.1755769950
-64.6293880286 2.5867207356 -62.3714724921 4.5381115873
-63.2919356892 -8.1608769817 -61.0340201526 -6.2094861299
-46.2544307644 -20.3849918050 -43.9965152279 -18.4336009532
-34.4882549232 -21.4373478944 -32.2303393866 -19.4859570426
-59.6053059962 -5.8667648630 -57.3473904597 -3.9153740112
