-29.2815976383 -0.4492252385 -24.7657665652 3.4535564650
-59.5965758137 -6.7603937299 -55.0807447406 -2.8576120264
-35.1096878481 -9.0758920558 -30.5938567750 -5.1731103523
-53.9345355855 -32.0047666657 -49.4187045124 -28.1019849622
-52.8698493636 1.4634575323 -48.3540182905 5.3662392358
-41.2294071609 -32.0181459576 -36.7135760878 -28.1153642541
-73.6872226927 -23.0617616167 -69.1713916196 -19.1589799132
-35.8575973477 3.4620005005 -31.3417662746 7.3647822040
-36.8662564729 -7.8629220186 -32.3504253998 -3.9601403151
-59.6138739020 -18.7219458652 -55.0980428289 -14.8191641617
-66.4980540396 -13.2208612328 -61.9822229665 -9.3180795293
-59.7237379377 -18.0145896549 -55.2079068646 -14.1118079514
-65.7943738620 2.5646432719 -61.2785427889 6.4674249754
-40.3270709811 -31.5408353191 -35.8112399080 -27.6380536156
-62.8912210036 -31.2381321747 -58.3753899305 -27.3353504712
-39.1792691986 -24.5319773588 -34.6634381255 -20.6291956553
-32.5604900596 -30.2386059038 -28.0446589865 -26.3358242003
-32.1034592618 -3.3557073883 -27.5876281887 0.5470743152
-41.3857026629 -19.2299902486 -36.8698715898 -15.3272085451
-36.8105802782 -26.3319680173 -32.2947492051 -22.4291863138
-61.6112914955 -12.3177571575 -57.0954604224 -8.4149754540
-63.4114352885 -22.7753010375 -58.8956042154 -18.8725193340
-36.8326165451 -30.6648405446 -32.3167854720 -26.7620588411
-63.4010257718 -8.5659733597 -58.8851946987 -4.6631916562
-40.4753868069 -12.1592560346 -35.9595557338 -8.2564743311
-72.6282983996 1.7044848794 -68.1124673265 5.6072665829
-70.4208187265 -20.2288240817 -65.9049876534 -16.3260423782
-59.9260876972 -23.5675352090 -55.4102566241 -19.6647535055
-61.4928621405 -31.5153659625 -56.9770310674 -27.6125842590
-59.6604784537 -13.3425651593 -55.1446473806 -9.4397834558
-68.5065035086 -30.2938334024 -63.9906724355 -26.3910516989
-39.7195588870 -32.2187182063 -35.2037278139 -28.3159365028
-65.9365605386 -6.9447762809 -61.4207294655 -3.0419945774
-37.0581393499 1.4030171134 -32.5423082768 5.3057988169
-71.3402915801 -8.7127623227 -66.8244605070 -4.8099806192
-69.8987830810 -20.7469789911 -65.3829520079 -16.8441972876
-65.3879856513 -21.0569275345 -60.8721545782 -17.1541458310
-46.2544436128 -33.2157179998 -41.7386125397 -29.3129362963
-55.7419081278 -0.6134432396 -51.2260770547 3.2893384639
-44.2404430884 -28.0273933344 -39.7246120153 -24.1246116309
-55.8330261594 -6.8474732584 -51.3171950863 -2.9446915549
-71.5117036552 -14.9584962687 -66.9958725821 -11.0557145652
-72.3834349264 -19.4386929758 -67.8676038533 -15.5359112723
-40.4733838024 -21.5461578770 -35.9575527293 -17.6433761735
-54.8536071317 -31.4122646980 -50.3377760586 -27.5094829945
-36.2647265599 -12.4576026782 -31.7488954868 -8.5548209747
-67.2945777824 -10.5411282285 -62.7787467093 -6.6383465250
-47.5897613305 -20.9885830456 -43.0739302574 -17.0858013421
-61.2865821797 -18.0286091714 -56.7707511066 -14.1258274679
-63.7160586236 -20.4663507842 -59.2002275505 -16.5635690807
-71.9958989136 -21.3201965451 -67.4800678405 -17.4174148416
-43.5828032054 -24.5775707197 -39.0669721323 -20.6747890162
-44.9294064442 -22.5134724779 -40.4135753711 -18.6106907744
-62.7671438833 -31.8767548508 -58.2513128102 -27.9739731473
-67.8136840348 1.6749743001 -63.2978529617 5.5777560036
-65.2095773808 -12.7052947370 -60.6937463077 -8.8025130335
-47.0389855607 -24.0049193324 -42.5231544876 -20.1021376289
-73.0632121812 -9.0544760255 -68.5473811081 -5.1516943220
-46.1634187584 -3.9676851756 -41.6475876853 -0.0649034721
-31.3030639029 -32.1755339205 -26.7872328298 -28.2727522170
-36.8331153616 -3.2672196128 -32.3172842885 0.6355620907
-47.5397936525 4.1639063870 -43.0239625794 8.0666880905
-57.0313545148 -27.0873201755 -52.5155234417 -23.1845384720
-60.5214885661 -8.0999320960 -56.0056574930 -4.1971503925
-48.0984235164 -13.2159222999 -43.5825924433 -9.3131405964
-28.9491568243 -9.6351635151 -24.4333257512 -5.7323818116
-35.8567352643 -7.5574753295 -31.3409041912 -3.6546936260
-35.4825533438 -14.6911056167 -30.9667222707 -10.7883239132
-30.6901746800 -29.7838856284 -26.1743436069 -25.8811039249
-49.7784241545 -30.0035432701 -45.2625930814 -26.1007615666
-73.5782520518 -5.2220542918 -69.0624209787 -1.3192725883
-45.3132260311 -10.0870900136 -40.7973949580 -6.1843083101
-29.7136289413 -8.1504916868 -25.1977978682 -4.2477099833
-63.2023152006 -10.4484486245 -58.6864841275 -6.5456669210
-55.0756912968 -26.5478796688 -50.5598602237 -22.6450979653
-45.2150414429 -24.3038064632 -40.6992103698 -20.4010247597
-30.3941374194 -25.0349818178 -25.8783063463 -21.1322001143
-64.3574676555 -20.4291268502 -59.8416365824 -16.5263451467
-56.2053579314 -13.7702564620 -51.6895268583 -9.8674747585
-28.9060857297 4.0117230571 -24.3902546566 7.9145047606
-72.2791605332 5.1267954996 -67.7633294601 9.0295772031
-47.5607609998 0.6998397010 -43.0449299267 4.6026214045
-43.8664811889 -16.6418544201 -39.3506501158 -12.7390727166
-57.2430053800 -9.3073073826 -52.7271743069 -5.4045256791
-49.6139794237 1.6630109246 -45.0981483506 5.5657926281
-41.3814824578 -12.3125140507 -36.8656513847 -8.4097323472
-45.1720881919 -19.7975513339 -40.6562571188 -15.8947696304
-66.9721261890 -9.5916967366 -62.4562951159 -5.6889150331
-73.3921145333 -18.3468498306 -68.8762834602 -14.4440681271
-64.2420434381 -16.8718996284 -59.7262123650 -12.9691179249
-47.8424775941 -0.4419905620 -43.3266465210 3.4607911415
-43.5392695895 -12.4876914552 -39.0234385164 -8.5849097517
-70.5328878504 0.9065311582 -66.0170567773 4.8093128617
-33.9830748007 -15.3771370471 -29.4672437276 -11.4743553436
-55.9383505675 0.7762600926 -51.4225194944 4.6790417961
-54.2046843515 -16.6555837928 -49.6888532784 -12.7528020893
-34.2236817107 -32.8223512284 -29.7078506376 -28.9195695249
-59.5160639992 -12.3611210181 -55.0002329261 -8.4583393146
-53.1297275480 -6.7526897347 -48.6138964749 -2.8499080312
-66.1260973736 -33.6678083710 -61.6102663005 -29.7650266675
-46.9431560147 1.2428582725 -42.4273249416 5.1456399760
-49.0985955482 -24.4822189575 -44.5827644751 -20.5794372540
-62.5232561524 -6.1577891600 -58.0074250793 -2.2550074565
-35.3219291929 -23.3084158275 -30.8060981198 -19.4056341240
-69.4078202279 -30.9197407825 -64.8919891548 -27.0169590790
-42.3875228857 -7.1772311641 -37.8716918126 -3.2744494606
-32.1837146339 -19.1338842215 -27.6678835608 -15.2311025180
-63.8078806886 -33.6443834515 -59.2920496155 -29.7416017480
-62.1444975521 -29.3874206518 -57.6286664790 -25.4846389483
-52.6175053671 -7.8967581123 -48.1016742940 -3.9939764088
-29.0010838939 1.8352028374 -24.4852528208 5.7379845409
-69.4630163214 0.4862153059 -64.9471852483 4.3889970094
-31.7502921499 -17.3137657241 -27.2344610768 -13.4109840206
-54.7942070882 -18.2292167318 -50.2783760151 -14.3264350283
-68.9008067797 -10.3490138582 -64.3849757066 -6.4462321547
-55.9446945226 -5.9618140142 -51.4288634495 -2.0590323107
-51.5905413942 3.3726068730 -47.0747103211 7.2753885765
-31.1218641021 -4.4665283925 -26.6060330290 -0.5637466890
-44.2766689301 -2.2958113399 -39.7608378570 1.6069703636
-73.1918253543 -4.0955010048 -68.6759942812 -0.1927193013
-34.3287337789 -5.7331223499 -29.8129027058 -1.8303406464
-54.0974440599 -2.3551461409 -49.5816129868 1.5476355626
-69.8271085472 -7.7433345335 -65.3112774741 -3.8405528300
-37.5500187292 -19.9000393800 -33.0341876561 -15.9972576765
-38.8589373388 -22.7989127831 -34.3431062657 -18.8961310796
-73.2171113410 -3.5197784183 -68.7012802679 0.3830032852
-65.3106816679 -29.1548191246 -60.7948505948 -25.2520374211
-44.5640654423 -28.7565380822 -40.0482343692 -24.8537563787
-49.6635543109 -30.7419656231 -45.1477232378 -26.8391839196
-50.2619613688 -8.3129029997 -45.7461302957 -4.4101212962
-43.4412340932 2.3671744807 -38.9254030201 6.2699561842
-57.5709810071 -27.0028147943 -53.0551499340 -23.1000330908
-34.4126030842 -21.5244297127 -29.8967720111 -17.6216480092
-32.3082301349 -12.8788977319 -27.7923990618 -8.9761160284
-68.6159169882 2.9778499193 -64.1000859151 6.8806316228
-60.6947290252 5.1863441328 -56.1788979521 9.0891258363
-44.2420608302 -5.0528106509 -39.7262297571 -1.1500289474
-37.7780670331 -4.4279587473 -33.2622359600 -0.5251770438
-55.8601549347 -9.9740113458 -51.3443238616 -6.0712296423
-69.2034325987 -26.7325800786 -64.6876015256 -22.8297983751
-33.8165777116 -28.9304753467 -29.3007466385 -25.0276936432
-30.9000813802 -30.5423138018 -26.3842503071 -26.6395320983
-63.1050179300 -10.0916013365 -58.5891868569 -6.1888196330
-64.5092010504 -3.3039249591 -59.9933699773 0.5988567444
-43.1433872059 -5.0346523005 -38.6275561328 -1.1318705970
-54.4955904535 -19.7024091150 -49.9797593804 -15.7996274115
-44.1404754325 -2.6972247179 -39.6246443594 1.2055569856
-49.9373646394 -12.7611932647 -45.4215335663 -8.8584115612
-69.0803844228 -15.9524297518 -64.5645533497 -12.0496480483
-70.7216291570 -24.8475752286 -66.2057980839 -20.9447935251
-56.0666181376 -19.4201694604 -51.5507870645 -15.5173877569
-63.8036092791 -31.5633490435 -59.2877782060 -27.6605673400
-69.3711883684 -32.6635298842 -64.8553572953 -28.7607481807
-37.5405054462 -14.0748050228 -33.0246743731 -10.1720233193
-45.2307299275 1.9028314080 -40.7148988544 5.8056131115
-43.1130926986 -13.1883280147 -38.5972616255 -9.2855463112
-72.3271390646 -8.8376062723 -67.8113079915 -4.9348245688
-46.4955348927 -22.8908011023 -41.9797038196 -18.9880193988
-62.9565994852 -1.7795393212 -58.4407684121 2.1232423823
-71.3633863574 2.4593627393 -66.8475552843 6.3621444428
-48.9385554843 -14.6172337655 -44.4227244112 -10.7144520620
-61.0055758432 -25.3151662401 -56.4897447701 -21.4123845366
-61.0882053935 -1.7261329407 -56.5723743204 2.1766487628
-39.9530773076 -18.3417926412 -35.4372462345 -14.4390109377
-61.5095031310 -1.4943131753 -56.9936720579 2.4084685282
-45.8692375763 -7.4588222705 -41.3534065032 -3.5560405670
-65.2537217268 -0.6284616396 -60.7378906537 3.2743200639
-41.0474573374 -22.1931424924 -36.5316262643 -18.2903607889
-34.4171802687 -12.7913417787 -29.9013491956 -8.8885600752
-37.8605997473 -13.7073954095 -33.3447686742 -9.8046137060
-53.6528686605 -14.8531952906 -49.1370375874 -10.9504135871
-72.1744964614 -14.7218340549 -67.6586653883 -10.8190523514
-68.4661451296 -8.4042279328 -63.9503140565 -4.5014462293
-39.4165110896 -19.4256889172 -34.9006800165 -15.5229072137
-52.8374243981 -1.5852239107 -48.3215933250 2.3175577928
-60.6853884070 -32.8314556560 -56.1695573339 -28.9286739525
-59.8015313799 -11.0150522625 -55.2857003068 -7.1122705590
-63.1759786522 -10.3225959049 -58.6601475791 -6.4198142014
-55.7965618548 5.0269729783 -51.2807307817 8.9297546818
-29.0626729388 -7.2254276412 -24.5468418657 -3.3226459377
-36.9664195254 -9.6316190899 -32.4505884523 -5.7288373864
-58.0448433765 -33.2153196313 -53.5290123034 -29.3125379278
-52.9257252236 -30.5121009527 -48.4098941505 -26.6093192492
-60.0077084484 -20.3577519804 -55.4918773753 -16.4549702769
-46.0012313295 -29.4542722948 -41.4854002564 -25.5514905913
-35.3117835625 -30.9976328475 -30.7959524894 -27.0948511440
-47.1629685155 1.2612664937 -42.6471374424 5.1640481972
-48.7967648370 -5.7761318224 -44.2809337639 -1.8733501189
-49.3189684789 -21.1099647517 -44.8031374058 -17.2071830482
-70.2145153610 -33.1602254553 -65.6986842879 -29.2574437518
-67.3141412476 -18.9738266447 -62.7983101745 -15.0710449412
-72.2533406335 -15.7033260839 -67.7375095604 -11.8005443804
-30.5952143882 -22.8883486283 -26.0793833151 -18.9855669248
-71.1680665230 -19.5357438558 -66.6522354499 -15.6329621523
-61.7210323464 -31.4959902621 -57.2052012733 -27.5932085586
-72.0188091029 -30.1622126274 -67.5029780298 -26.2594309239
-43.4836178089 -18.2511011357 -38.9677867358 -14.3483194322
-69.2285609770 -28.1933698269 -64.7127299039 -24.2905881234
-52.3186102733 -17.5360399851 -47.8027792002 -13.6332582816
-52.0732163778 -29.8445075121 -47.5573853047 -25.9417258086
-50.2672347431 -20.3941318713 -45.7514036700 -16.4913501678
-66.2949094668 -29.0756425576 -61.7790783937 -25.1728608541
-63.1922478172 -5.3116529010 -58.6764167441 -1.4088711975
-36.2219740047 -3.0815065258 -31.7061429316 0.8212751777
-71.6259181043 2.1685422064 -67.1100870312 6.0713239099
-37.8302662952 -25.9224860605 -33.3144352221 -22.0197043570
-60.4990502347 -0.9834587314 -55.9832191616 2.9193229721
-44.0600783495 -23.5998430727 -39.5442472764 -19.6970613692
-68.6755833153 -5.4295968254 -64.1597522422 -1.5268151219
-45.8070087189 -18.5388627187 -41.2911776458 -14.6360810152
-38.6215414353 -7.6746210994 -34.1057103622 -3.7718393959
-52.2467246556 -15.8310591317 -47.7308935825 -11.9282774282
-71.0521273813 -10.8286532257 -66.5362963082 -6.9258715222
-46.8354701297 -12.4667870158 -42.3196390566 -8.5640053123
-73.8742121800 -30.3534134217 -69.3583811069 -26.4506317182
-44.8532363794 -13.1328681829 -40.3374053063 -9.2300864794
-54.6146543218 -1.9034805264 -50.0988232487 1.9993011771
-44.7343072826 -7.6582733446 -40.2184762095 -3.7554916411
-49.4024772719 -14.8381477945 -44.8866461988 -10.9353660910
-53.4807755571 -10.4424308255 -48.9649444840 -6.5396491220
-55.7137385061 -23.7871915968 -51.1979074330 -19.8844098933
-37.9728010982 -6.2805697536 -33.4569700251 -2.3777880501
-69.7156166340 -15.7685917226 -65.1997855609 -11.8658100191
-30.4697104436 -25.4481373969 -25.9538793705 -21.5453556934
-65.5819921942 -10.7938624470 -61.0661611211 -6.8910807435
-46.7921619811 4.0983616905 -42.2763309080 8.0011433940
-62.4235048375 -30.4659381539 -57.9076737644 -26.5631564504
-54.6296607267 -21.1998855269 -50.1138296536 -17.2971038234
-43.6768293702 -32.5628061270 -39.1609982971 -28.6600244235
-34.8507162434 -7.4371472644 -30.3348851703 -3.5343655609
-68.6947852379 -13.7558297627 -64.1789541648 -9.8530480592
-64.8551455743 -12.4138104625 -60.3393145012 -8.5110287590
-59.1730663430 -0.5563888436 -54.6572352699 3.3463928599
-64.2789987996 0.3198765380 -59.7631677265 4.2226582415
-58.8667020183 -7.6175434047 -54.3508709452 -3.7147617012
-52.7665961133 -4.8698219533 -48.2507650402 -0.9670402498
-32.2334733100 -23.2931509188 -27.7176422369 -19.3903692153
-53.9558863451 -32.9810650568 -49.4400552720 -29.0782833533
-41.0932445332 -17.8364842786 -36.5774134601 -13.9337025751
-63.5029470153 1.9622061367 -58.9871159422 5.8649878402
-29.0232838254 -1.1662482084 -24.5074527523 2.7365334951
-34.0414274369 -23.9045099991 -29.5255963638 -20.0017282956
-32.4966527340 -21.5056264125 -27.9808216609 -17.6028447090
-48.0850779827 -10.7046403977 -43.5692469096 -6.8018586942
-58.4571868730 -16.5489307427 -53.9413557999 -12.6461490392
-62.0454915285 -15.7346977090 -57.5296604554 -11.8319160055
-30.9607147019 -15.5174828365 -26.4448836288 -11.6147011330
-73.6240687716 -22.7697505218 -69.1082376985 -18.8669688183
-59.6527470817 -25.0262717059 -55.1369160086 -21.1234900024
-67.0302925129 -8.2740880453 -62.5144614398 -4.3713063418
-33.6671882559 -9.3781079984 -29.1513571828 -5.4753262949
-56.2625467044 -1.8264128042 -51.7467156313 2.0763688993
-33.6989429386 -1.0999814509 -29.1831118655 2.8028002526
-36.1707193628 -9.5108642326 -31.6548882897 -5.6080825291
-62.9649977123 -31.0145429889 -58.4491666392 -27.1117612854
-49.7883920312 -24.3724922004 -45.2725609581 -20.4697104969
-33.1314324754 -17.3215870672 -28.6156014023 -13.4188053637
-51.7560380535 -1.5908402154 -47.2402069804 2.3119414881
-40.8218755057 -31.1592603995 -36.3060444326 -27.2564786960
-55.2808459397 -30.6735086933 -50.7650148666 -26.7707269898
-51.0978780943 -7.2429480204 -46.5820470212 -3.3401663169
-49.5936915906 -15.7908143399 -45.0778605175 -11.8880326364
-67.3896316720 -12.3345772479 -62.8738005989 -8.4317955444
-40.5133416940 -15.6399822641 -35.9975106209 -11.7372005606
-39.1251742824 1.2116984805 -34.6093432093 5.1144801840
-68.7244849548 -7.7825267566 -64.2086538817 -3.8797450531
-50.5031799130 -13.8636600534 -45.9873488399 -9.9608783499
-52.1723027091 -17.6433481805 -47.6564716360 -13.7405664770
-58.3681218306 -21.2220971309 -53.8522907575 -17.3193154274
-72.4735889284 -10.7057869792 -67.9577578553 -6.8030052757
-56.3376563241 -11.5085502543 -51.8218252510 -7.6057685508
-36.4840581815 -22.1952939910 -31.9682271084 -18.2925122875
-29.2544575497 -21.1331440531 -24.7386264766 -17.2303623496
-68.5764526349 -5.4352134754 -64.0606215618 -1.5324317719
-56.4021801243 -12.8872945648 -51.8863490512 -8.9845128613
-37.6763632871 1.2493587661 -33.1605322140 5.1521404696
-64.3462931438 -20.2947912450 -59.8304620707 -16.3920095415
-57.8796188677 -19.6963531511 -53.3637877946 -15.7935714476
-33.6504723409 -29.9077001626 -29.1346412678 -26.0049184591
-36.7826499395 -7.7680801208 -32.2668188664 -3.8652984173
-29.0992518696 2.9717316013 -24.5834207965 6.8745133048
-59.0472877665 -13.6680909454 -54.5314566934 -9.7653092419
-53.6568236544 -1.9652261472 -49.1409925813 1.9375555563
-32.1255224872 -2.6612496836 -27.6096914141 1.2415320199
-67.8835804217 3.7564857871 -63.3677493486 7.6592674906
-56.5207221289 -13.2018260901 -52.0048910558 -9.2990443866
-50.0237494762 -25.2509955695 -45.5079184031 -21.3482138660
-36.8529826462 -13.3878815160 -32.3371515731 -9.4850998125
-49.5658443985 3.0388830384 -45.0500133254 6.9416647419
-62.8338186864 2.5734103040 -58.3179876133 6.4761920075
-52.4493909567 -31.7374968872 -47.9335598836 -27.8347151837
-36.6307398423 -6.7843338205 -32.1149087692 -2.8815521170
-56.1012047043 -26.5521832658 -51.5853736312 -22.6494015623
-71.6942660383 -22.4395192991 -67.1784349652 -18.5367375956
-61.2242871457 0.4051149209 -56.7084560726 4.3078966244
-30.8482915215 -22.9337477846 -26.3324604484 -19.0309660811
-37.1467079730 -22.5638860062 -32.6308768999 -18.6611043027
-38.2469386509 -23.3485787102 -33.7311075778 -19.4457970067
-69.4361376378 -5.6911405298 -64.9203065647 -1.7883588263
-71.1494449444 -24.5221151770 -66.6336138713 -20.6193334735
-43.2925404067 -16.1825448019 -38.7767093336 -12.2797630984
-39.5453011753 -25.5202159722 -35.0294701022 -21.6174342687
-43.8376044846 -10.8989240223 -39.3217734115 -6.9961423188
-40.9154647829 -25.5955426497 -36.3996337098 -21.6927609462
-50.1486869556 4.4909448464 -45.6328558825 8.3937265499
-67.6924412799 -33.5419492724 -63.1766102068 -29.6391675689
-72.5804332748 3.9949569972 -68.0646022017 7.8977387007
-42.5564191349 -17.0567028652 -38.0405880618 -13.1539211617
-67.1545077062 -4.5848327568 -62.6386766331 -0.6820510533
-41.5959721254 -16.7949723711 -37.0801410523 -12.8921906676
-45.8902582729 -7.4816842401 -41.3744271998 -3.5789025366
-41.8649909472 -16.6363680940 -37.3491598741 -12.7335863905
-30.6608108090 -14.1084215778 -26.1449797359 -10.2056398743
-42.1614657053 -31.3803621451 -37.6456346322 -27.4775804416
-63.9636693412 -3.7726378903 -59.4478382681 0.1301438132
-60.5793236283 1.4601034407 -56.0634925552 5.3628851442
-64.1437348449 -31.4042812814 -59.6279037718 -27.5014995779
-68.8934675048 0.8334142625 -64.3776364317 4.7361959660
-44.8438764781 -0.7460727119 -40.3280454050 3.1567089916
-69.7057560866 -26.9689259966 -65.1899250135 -23.0661442931
-36.7208728579 -24.5899404602 -32.2050417848 -20.6871587567
-65.9116092201 -0.3073596517 -61.3957781470 3.5954220518
-64.8840355896 0.4127959991 -60.3682045165 4.3155777026
-61.1456012129 -19.9578894588 -56.6297701398 -16.0551077553
-45.8813706501 -33.6659643903 -41.3655395770 -29.7631826868
-38.4216844756 -24.1852513921 -33.9058534025 -20.2824696886
-43.5068048592 -14.2594446778 -38.9909737861 -10.3566629743
-43.1295630219 -8.9710815688 -38.6137319488 -5.0682998653
-73.8778836470 -18.5844289826 -69.3620525739 -14.6816472791
-42.5855319890 -24.9731080903 -38.0697009159 -21.0703263868
-66.9229072509 4.9960333249 -62.4070761778 8.8988150284
-68.2604198580 -19.1179292921 -63.7445887849 -15.2151475886
-71.6104482949 -24.3787969265 -67.0946172218 -20.4760152230
-62.2106385264 -6.4893159343 -57.6948074533 -2.5865342308
-70.1254767514 -19.8523231441 -65.6096456783 -15.9495414406
-34.6095453287 1.8143227690 -30.0937142556 5.7171044725
-47.3189383074 -31.7469798921 -42.8031072343 -27.8441981886
-39.3103128431 -2.8151097594 -34.7944817700 1.0876719441
-32.1518400258 -31.6905961617 -27.6360089527 -27.7878144582
-67.4041742939 -12.3119003960 -62.8883432208 -8.4091186925
-71.5184552684 2.6962762597 -67.0026241953 6.5990579632
-38.1258074520 -5.2542548213 -33.6099763789 -1.3514731178
-54.4335020663 -15.0966339483 -49.9176709932 -11.1938522448
-57.5138436698 -16.7367144008 -52.9980125967 -12.8339326973
-34.8673670542 -31.3824598495 -30.3515359811 -27.4796781460
-44.1572850504 -32.8438095308 -39.6414539773 -28.9410278273
-71.5851991500 -3.0006898147 -67.0693680769 0.9020918888
-56.0195735020 -29.6003542265 -51.5037424289 -25.6975725230
-72.7342493722 -8.0241165266 -68.2184182991 -4.1213348231
-37.6543185668 -29.3100361067 -33.1384874937 -25.4072544032
-73.3092637213 -7.3257747657 -68.7934326482 -3.4229930622
-72.8687328340 -10.0965659671 -68.3529017609 -6.1937842636
-41.1059862973 -2.7944299293 -36.5901552242 1.1083517742
-55.9938330478 -8.1848012248 -51.4780019747 -4.2820195213
-35.7976168551 -12.4903546719 -31.2817857820 -8.5875729684
-64.7703156041 1.4083677179 -60.2544845310 5.3111494214
-52.3865232121 5.2282839352 -47.8706921390 9.1310656387
-45.5039893731 1.8370734426 -40.9881583000 5.7398551461
-52.4724614041 5.1230967611 -47.9566303310 9.0258784646
-58.2940680718 -20.3550926711 -53.7782369987 -16.4523109676
-71.4381765756 -33.4151431945 -66.9223455025 -29.5123614910
-57.4510706164 -29.4514693583 -52.9352395433 -25.5486876548
-38.0317151316 -3.9106866457 -33.5158840585 -0.0079049422
-64.2233695406 -1.5731824244 -59.7075384675 2.3295992791
-54.8635132477 -32.9193564196 -50.3476821746 -29.0165747161
-31.6300369763 -16.6169225883 -27.1142059032 -12.7141408848
-42.4625198559 3.8432054572 -37.9466887828 7.7459871607
-71.9636361198 -17.0957484989 -67.4478050467 -13.1929667954
-39.8404726094 -16.4308440090 -35.3246415363 -12.5280623055
-70.3056111024 -10.2419303085 -65.7897800293 -6.3391486050
-29.3598228372 -22.5829310717 -24.8439917641 -18.6801493682
-51.2751294620 -15.5209568384 -46.7592983889 -11.6181751349
-61.1347068846 -28.5129464925 -56.6188758115 -24.6101647890
-56.8873391808 -4.0286768768 -52.3715081077 -0.1258951733
-68.1179197520 -5.3892040993 -63.6020886789 -1.4864223958
-69.2679646000 -26.4548925651 -64.7521335269 -22.5521108616
-40.7954174758 -15.3605344237 -36.2795864027 -11.4577527202
-60.5838184232 -12.9980429771 -56.0679873501 -9.0952612736
-63.3523364359 -13.7082311291 -58.8365053628 -9.8054494256
-57.9140649642 -8.0117039688 -53.3982338911 -4.1089222653
-49.8475331721 -22.2601236597 -45.3317020990 -18.3573419562
-69.5512837536 -24.6505814081 -65.0354526805 -20.7477997046
-62.3638396038 -28.1477948396 -57.8480085307 -24.2450131361
-44.1995270552 -33.2016394549 -39.6836959821 -29.2988577514
-47.4767353899 -4.8047423048 -42.9609043168 -0.9019606013
-46.1633695308 -11.2777002217 -41.6475384577 -7.3749185182
-72.7437219651 -29.0828120812 -68.2278908920 -25.1800303777
-72.0621828814 -21.5480002403 -67.5463518083 -17.6452185368
-62.5385856809 -17.2882201832 -58.0227546078 -13.3854384797
-70.6482542185 -18.7634709791 -66.1324231454 -14.8606892756
-67.2935864159 -26.7661264102 -62.7777553428 -22.8633447067
-48.2169481094 0.7403657679 -43.7011170363 4.6431474714
-44.6396003839 0.1252289115 -40.1237693108 4.0280106150
-55.2371043731 0.8242554409 -50.7212733000 4.7270371444
-56.7706115764 -3.6345823379 -52.2547805033 0.2681993656
-49.3704436254 2.0115475414 -44.8546125523 5.9143292449
-71.0162391098 -8.6217548122 -66.5004080367 -4.7189731087
-67.2491656295 -21.1173039454 -62.7333345564 -17.2145222419
-38.4409936014 -2.1632264478 -33.9251625283 1.7395552557
-58.7470480278 -19.1260511745 -54.2312169547 -15.2232694710
-49.1164879434 3.4874412153 -44.6006568703 7.3902229188
-31.0752550714 -11.1613218563 -26.5594239983 -7.2585401528
-70.6698843834 5.0197288878 -66.1540533103 8.9225105913
-33.7429850862 -20.9689921318 -29.2271540131 -17.0662104283
-55.2496171371 3.9361380943 -50.7337860640 7.8389197978
-41.8693218461 -11.7515953050 -37.3534907730 -7.8488136015
-67.4701152452 -22.7286893291 -62.9542841721 -18.8259076256
-53.7948645667 -2.7345118239 -49.2790334936 1.1682698796
-67.2080043202 -0.0745864735 -62.6921732471 3.8281952300
-43.2643095710 -12.9921423806 -38.7484784979 -9.0893606771
-45.3457953571 -24.9312016913 -40.8299642840 -21.0284199878
-53.7594177670 -6.4095545543 -49.2435866939 -2.5067728508
-34.7191376765 -10.4253084330 -30.2033066034 -6.5225267295
-72.9047703025 -8.1003688293 -68.3889392294 -4.1975871258
-55.6199331823 -19.6236645742 -51.1041021092 -15.7208828707
-72.5571388742 3.6378166394 -68.0413078011 7.5405983429
-59.7248929689 4.5919659442 -55.2090618958 8.4947476477
-49.7592881352 -18.5372739701 -45.2434570621 -14.6344922666
-29.9324890203 -17.0385070588 -25.4166579472 -13.1357253553
-41.6075937866 -18.4902932619 -37.0917627135 -14.5875115584
-56.2144804002 -17.0165918867 -51.6986493271 -13.1138101832
-30.8879668114 -12.7380370077 -26.3721357383 -8.8352553042
-41.8841534203 -18.0587978312 -37.3683223472 -14.1560161277
-58.9569683755 -0.1266043255 -54.4411373024 3.7761773780
-62.0357681710 -33.2163019949 -57.5199370979 -29.3135202914
-56.2334307591 1.3517671385 -51.7175996860 5.2545488420
-63.1769989749 -0.9050212905 -58.6611679018 2.9977604130
-46.9062551169 -29.4783228818 -42.3904240438 -25.5755411783
-54.1640890237 -9.3903256428 -49.6482579506 -5.4875439393
-39.3772357823 -0.7245443134 -34.8614047092 3.1782373901
-29.4671900777 -2.5829743706 -24.9513590046 1.3198073329
-37.6831004537 -21.9558933212 -33.1672693806 -18.0531116177
-38.7294257240 -20.4437296712 -34.2135946509 -16.5409479677
-42.7495175209 -4.2128103929 -38.2336864478 -0.3100286894
-39.2656296634 -17.7772960852 -34.7497985903 -13.8745143817
-67.3232995279 -27.3902854216 -62.8074684548 -23.4875037181
-36.1549947933 -29.7506719490 -31.6391637202 -25.8478902455
-42.3273627889 -12.3170318798 -37.8115317158 -8.4142501763
-51.2150655705 -32.4065510062 -46.6992344974 -28.5037693027
-55.4522738282 -3.7207167590 -50.9364427551 0.1820649445
-71.8265769639 -2.3680626566 -67.3107458908 1.5347190469
-43.7950543705 -22.5204023262 -39.2792232974 -18.6176206227
-44.8412102144 -23.2602338167 -40.3253791413 -19.3574521132
-56.0623696913 -30.4369104328 -51.5465386182 -26.5341287293
-33.6749920078 -27.3552795749 -29.1591609347 -23.4524978714
-31.9519785661 0.5575876313 -27.4361474930 4.4603693348
-30.5366372520 -5.0538621655 -26.0208061789 -1.1510804620
-65.8135437582 -4.7349421172 -61.2977126851 -0.8321604137
-70.5567462138 0.3306643268 -66.0409151407 4.2334460303
-51.4072563465 -0.7576912406 -46.8914252734 3.1450904629
-61.2411404397 -8.4565359104 -56.7253093666 -4.5537542069
-73.6234537727 -29.0461994574 -69.1076226996 -25.1434177539
-40.1044793147 -6.0541617838 -35.5886482416 -2.1513800803
-43.7562512998 -23.7945402954 -39.2404202267 -19.8917585919
-40.3978048481 -30.6125472696 -35.8819737750 -26.7097655661
-72.8913465008 -2.8336114118 -68.3755154277 1.0691702917
-34.0568868162 -6.6898864020 -29.5410557431 -2.7871046985
-70.3906148519 -13.0593735822 -65.8747837788 -9.1565918787
-30.5503674597 -15.1306016200 -26.0345363866 -11.2278199165
-46.2243641427 -0.3785423522 -41.7085330696 3.5242393513
-45.0552471388 -12.4356014535 -40.5394160657 -8.5328197500
-40.8468201582 -10.2019978325 -36.3309890851 -6.2992161290
-61.2907003546 1.9750598621 -56.7748692815 5.8778415656
-58.3372259930 -19.7927351828 -53.8213949199 -15.8899534793
-38.3860822966 -0.6903722052 -33.8702512235 3.2124094983
-64.8324795255 -30.9744043317 -60.3166484524 -27.0716226282
-51.6376953148 -25.5040828311 -47.1218642417 -21.6013011276
-65.3443258434 -24.1597956840 -60.8284947703 -20.2570139805
-32.4110962299 -0.1338807471 -27.8952651568 3.7689009564
-51.3826873888 -7.7968200969 -46.8668563157 -3.8940383934
-31.4717593721 -13.2474557258 -26.9559282990 -9.3446740223
-53.3542507430 -1.5049005986 -48.8384196699 2.3978811049
-64.1230918618 -12.7901249739 -59.6072607887 -8.8873432704
-57.9060218450 -26.6931420556 -53.3901907719 -22.7903603521
-73.3605072391 4.1615791119 -68.8446761660 8.0643608154
-72.3780974152 -8.1844704627 -67.8622663421 -4.2816887592
-50.6276965705 -3.6983188559 -46.1118654974 0.2044628476
-62.3286066217 -2.5691657059 -57.8127755486 1.3336159976
-43.0479385908 -10.1290879720 -38.5321075177 -6.2263062685
-66.9285005945 -15.2510315671 -62.4126695214 -11.3482498636
-53.5729720551 -19.7180070575 -49.0571409820 -15.8152253540
-49.3822114977 3.2279519800 -44.8663804246 7.1307336835
-48.2212597884 -4.9960853269 -43.7054287153 -1.0933036234
-65.2738098735 -14.5581971956 -60.7579788004 -10.6554154921
-46.9897715853 -6.6640423755 -42.4739405122 -2.7612606720
-66.9205357013 -12.6820737996 -62.4047046282 -8.7792920961
-64.0931882529 -9.7911285285 -59.5773571798 -5.8883468250
-57.4694557719 -16.6545199382 -52.9536246988 -12.7517382347
-67.1823091403 -5.5569283243 -62.6664780672 -1.6541466208
-46.0523965583 -27.3076598234 -41.5365654852 -23.4048781199
-42.6685207267 -8.1972090937 -38.1526896536 -4.2944273902
-36.9629170853 -25.5028683525 -32.4470860122 -21.6000866490
-54.8180686479 -30.6842783265 -50.3022375748 -26.7814966230
-73.5355820964 -29.4522837056 -69.0197510233 -25.5495020021
-43.1200134227 -27.2396146742 -38.6041823496 -23.3368329707
-47.6209960000 -28.4385062029 -43.1051649269 -24.5357244994
-50.2294091600 -28.7066138636 -45.7135780869 -24.8038321601
-70.2246207008 -29.9575742943 -65.7087896277 -26.0547925908
-34.8924019609 -22.9480776541 -30.3765708878 -19.0452959506
-47.4039928197 -15.6383449916 -42.8881617466 -11.7355632881
