real	estimada
4	70
5	46
30	172
1	126
145	1393
0	0
549	2538
21	202
71	1337
0	0
35	71
0	0
1367	3354
357	945
0	0
587	2795
1	36
538	2729
8	46
156	1462
0	178
349	2175
31	119
117	1075
3	15
1048	3357
1	3
87	1354
104	1305
824	2169
1500	3824
1095	3086
1313	3470
831	2871
6	85
0	85
471	2488
250	823
1224	3074
0	0
89	991
566	2432
1175	3559
0	0
77	989
113	1324
23	233
0	0
0	105
451	2471
255	1790
0	183
849	2342
1403	3745
1069	3493
47	956
0	23
42	1294
4	24
772	2270
18	294
0	0
1214	3799
72	1333
0	48
1	1
0	0
40	1042
127	1355
0	0
0	0
0	0
0	0
0	0
0	147
340	1988
86	303
12	168
1224	3778
414	2435
94	1118
1	11
183	520
0	113
0	0
459	1814
73	687
0	0
123	1432
0	0
0	172
483	1097
197	434
1	0
603	2890
2	210
1	26
1	15
1	57
131	571
513	1696
22	442
0	0
1	32
18	314
955	3181
2	4
87	979
5	18
49	1081
1	64
33	660
976	2767
45	467
18	361
1	24
801	2123
69	223
0	62
428	2334
19	362
327	1345
0	0
22	152
240	1837
885	3074
78	1140
4	24
0	0
1415	3747
0	0
7	43
70	1264
1031	3206
748	1977
68	416
1	94
301	1705
857	2248
204	919
135	276
8	139
0	40
1	87
646	2559
0	26
0	0
0	0
281	986
13	60
19	331
1	100
70	569
51	954
144	1446
14	168
714	2850
12	276
550	2491
13	198
1	8
106	1335
3	27
2	56
592	2715
1	1
3	57
67	1339
75	631
77	1248
0	174
364	2370
1	43
0	194
0	0
2	40
66	1284
382	2356
0	0
311	1963
694	3001
1435	3674
60	1414
159	629
0	0
8	163
1120	3714
203	1632
1	74
10	431
222	1755
621	1757
48	405
0	0
103	1042
298	1397
0	0
0	0
593	2154
617	2936
797	2206
462	2543
19	336
0	0
1	4
411	1139
627	3001
49	1080
1	70
0	0
577	1958
947	2681
215	1734
0	0
358	1343
0	0
0	40
2	26
52	798
1	15
289	1284
0	0
2	24
1	17
34	859
5	65
9	90
485	2357
1208	2921
0	107
322	1981
1	13
600	2866
60	1372
0	0
167	666
927	2652
242	518
481	2695
68	1206
143	1499
1043	3059
997	3210
8	86
0	0
2	233
167	1554
0	0
0	0
0	0
0	5
158	1522
0	0
375	1059
819	2021
35	820
0	0
2	21
60	1382
1	195
725	2560
878	2211
360	1977
0	60
104	1366
547	2438
1	106
8	285
1	45
418	2078
0	56
81	1131
628	2932
98	677
48	399
169	1208
6	119
44	363
61	1304
662	1787
93	490
0	0
0	0
1	29
4	166
32	1049
1	18
112	1324
201	903
31	588
34	907
378	838
608	2353
6	34
26	180
384	2227
1123	3551
442	2596
121	1350
2	4
1	146
289	1117
0	0
16	164
1077	3125
11	409
66	1326
0	0
70	701
1	29
11	142
884	2494
737	1694
0	173
0	0
247	914
102	1306
53	1231
705	2930
1	9
0	0
0	0
0	0
55	1292
0	0
1	7
69	1194
18	325
16	66
555	2119
80	850
0	218
0	0
85	962
923	2268
321	780
34	1185
87	1350
1019	3334
1040	2520
414	2439
65	1271
24	860
229	951
1	71
1	1
0	0
118	1429
0	118
19	233
0	7
247	1828
113	558
1087	3399
24	362
70	1287
74	1181
1090	3507
581	1517
0	0
1173	3529
2	7
85	1272
0	0
0	0
103	1360
1	10
77	1205
366	1651
1	74
600	1363
0	0
3	3
26	108
89	687
56	1394
855	3174
266	869
2	238
0	0
0	13
192	913
1	11
137	1472
743	1731
663	2256
5	53
0	0
0	0
0	0
891	2365
0	0
387	1775
194	761
234	1772
652	2288
0	0
0	0
42	284
34	290
377	2401
77	412
197	1664
52	377
3	59
968	2885
54	1342
556	1699
110	1383
40	1040
77	704
1	5
1	3
1492	3610
76	1174
118	799
0	0
640	2835
559	1915
2	189
94	1271
212	1698
9	42
78	1218
995	2669
75	1369
583	1754
254	631
4	40
77	1297
575	2862
206	1624
0	0
0	0
18	324
39	958
277	2035
60	1383
682	2957
13	90
724	3062
1	72
2	226
767	1895
203	1704
0	61
0	0
222	1731
35	296
75	914
288	1159
67	1326
1193	3653
920	2989
2	214
192	1647
0	0
0	6
84	177
0	0
449	2512
852	2289
509	1241
59	1359
952	2891
14	273
347	2333
507	1172
0	0
22	409
351	1510
104	1375
0	0
543	2809
94	1309
298	1932
0	0
39	957
358	2146
349	908
340	1255
1	12
77	1282
1210	3305
313	1366
0	0
480	2561
48	361
554	2701
1	44
0	144
1012	2686
1044	3567
0	0
1	4
40	1075
0	0
1	5
778	2880
921	2896
