real	estimada
2346	27273
0	0
3869	37506
1759	14027
274	4597
2	81
9	332
263	2741
22	1626
1262	30602
1	7
0	0
2273	18318
1	32
254	4127
1	784
1084	29341
1	191
1312	11570
2397	19547
3738	30360
632	21748
1642	12632
0	0
1554	11804
1440	21942
595	20763
756	13188
2507	23024
1755	21252
7	267
3034	35875
3977	35951
21	1164
837	7074
3737	30099
2107	24396
1321	12095
2058	25497
2980	21176
80	1833
1345	12414
5	81
387	9616
2193	35456
0	943
3647	35080
248	3626
2219	28798
348	2904
1	801
2090	33996
0	0
1	3
2172	27460
2624	19467
167	5786
1964	21810
1	182
3040	24656
3390	29882
1714	21044
3757	30402
359	8395
2191	18841
1	138
3097	37264
0	0
34	1975
114	9916
3648	33608
706	5654
1	228
154	10054
2575	32125
444	4444
3900	37294
124	11073
3092	36758
2	116
2218	27240
182	5133
1123	8613
377	3286
321	12413
1062	8623
2	1425
38	2632
293	2638
1137	8804
2275	28299
13	575
1187	10050
1642	13436
1	637
432	20823
2367	27259
1768	27698
1	340
52	2893
1510	11527
2085	30002
1984	22091
2705	35624
0	0
3752	32347
2	181
1668	19042
1233	14687
2391	35172
1362	10899
1814	14268
1	544
2482	28054
1	712
2633	34498
2	1376
906	7607
1947	19365
1	680
1755	24813
0	0
2849	23063
852	7030
0	0
1	630
763	17785
0	0
3730	31720
3625	34749
329	19302
2	87
2010	27815
4016	37497
3679	32608
313	20565
3377	23525
344	18728
131	7370
148	6129
551	4464
3409	25182
0	0
1	295
2012	31530
3689	31823
0	0
3071	23254
964	23198
871	18230
1264	10305
2349	24535
3771	36651
1112	9498
5	83
190	6983
727	25491
0	0
172	4398
816	16708
161	8524
0	0
284	2906
1170	9862
2013	16169
1826	18229
56	1868
0	0
483	19854
3529	26620
1129	20481
282	3415
300	15384
1812	22572
634	10055
911	24162
3050	24617
3540	30122
1105	25569
11	407
0	0
2498	34198
0	0
508	9901
474	11465
825	6159
1248	19537
423	22294
1576	31026
0	0
2302	27935
776	15983
158	5137
1	729
3589	34736
2596	21364
32	1901
64	1689
0	0
2214	17364
2091	17827
691	4823
1	377
3889	33628
1032	28865
1	642
2213	17655
1	11
12	613
2320	23839
2363	22443
3628	30535
1389	12879
48	3693
205	16738
1	349
2	845
1	484
3757	30807
486	23140
2007	13706
248	2421
90	4282
1982	28914
22	1213
0	0
1	760
20	1072
2720	28734
803	5636
106	2036
2	939
1663	24987
1191	12351
1195	10791
2090	25216
0	0
20	1406
599	4763
564	21072
280	7523
3569	30203
2	1003
2415	20848
1	43
1423	24793
2192	18264
9	388
60	1583
2012	21613
364	7972
0	0
0	0
30	1840
2404	16019
133	6750
757	5494
121	11752
2925	26167
0	0
1105	11550
1529	16775
460	10327
1728	12588
3081	25610
19	1434
1	230
103	1531
1	79
909	27399
1340	10910
1384	26841
3	1449
3246	26163
3297	22275
517	22943
487	21009
414	21409
1204	22320
124	3866
1	319
844	7342
2	1680
36	2401
1158	27407
0	2
475	3703
785	10219
2	534
899	7198
1	787
1	777
316	7150
540	14954
1193	17917
2958	22084
3096	25729
1169	9818
725	5898
12	558
1661	17516
1	1308
1145	29863
2070	18081
54	3927
92	3106
1461	11985
1131	8776
1	97
1305	10321
3713	31396
0	0
3680	29974
3646	28538
650	21367
109	9140
20	1011
1173	26061
3606	34900
2361	30649
48	3719
534	12474
28	1745
0	0
1129	9405
3079	33652
902	7378
3179	27076
1078	8952
24	1399
2006	23954
2308	18665
175	9123
1974	21954
1	70
1	363
1	1040
0	0
347	21286
1	550
1088	11627
112	10008
1217	9368
321	3716
39	901
12	702
3052	21897
1665	29382
13	1088
71	1699
704	5237
637	4842
986	7867
94	2186
0	0
1286	8870
1591	17861
1232	9416
580	4469
1229	10909
1467	11020
179	4284
176	14968
93	5229
59	2602
2326	19685
2902	33001
430	3389
173	2716
49	3797
764	5958
148	2167
818	21639
2790	19039
2298	24541
348	4879
3171	25984
3507	29586
881	7072
1889	19237
1222	14618
10	507
1045	13575
43	3095
3091	25711
1432	11419
752	5593
2261	15021
1	0
713	20449
471	16833
495	21557
1053	8606
1805	19134
429	14293
1207	11794
7	246
2546	27784
207	13988
894	22413
0	0
335	2780
2869	30019
866	7809
887	14009
1	239
3388	24547
1	635
1916	21175
371	5739
2733	26168
1970	26042
20	1088
1	714
1830	15557
1412	12839
470	21643
300	18032
2	757
3266	35016
3984	36498
123	2243
868	20073
1	440
953	24850
2974	25924
2	61
579	4609
2	872
1538	14482
228	3197
0	0
0	0
86	2023
1	987
1637	14550
124	8426
511	4481
1500	19161
760	26290
1	176
1079	9136
1273	11383
0	9
763	15756
1057	12518
24	1451
1	10
2	1368
632	4871
46	2399
1746	17536
1811	19082
2	591
14	736
2870	19963
2164	17151
3100	32585
608	5321
1	684
36	2283
2737	30641
761	5696
541	15987
1	382
2874	33294
1	133
1369	12303
1835	29618
2506	30906
2	87
3411	24569
12	590
0	0
3835	36493
436	20538
1721	28382
0	0
0	0
1947	20664
1	33
1	949
1507	13239
3502	26414
2	749
3826	35106
0	14
15	819
2	979
1	1163
3	73
434	3578
1028	23030
123	5953
359	5552
1045	26961
1	130
3268	37925
836	20172
3773	30540
