real	estimada
57	4218
17	955
0	0
0	0
30	1180
515	2795
1	7
18	536
138	1695
20	107
1193	6335
51	1179
0	0
655	6116
149	3924
175	1947
4	72
210	4504
29	1652
845	4061
0	0
109	4163
101	4340
641	4660
138	1449
1121	7941
442	5424
830	7980
187	1298
0	0
728	5572
82	2471
2	685
0	0
539	7484
363	2212
231	5305
836	5810
106	3255
13	686
670	4371
92	2292
27	1835
0	0
42	4422
20	1928
332	5501
1154	6685
50	4285
218	4968
54	4712
311	2205
82	4083
126	4271
0	0
118	3835
42	3563
7	80
9	318
197	4823
617	7402
2	76
0	0
7	293
935	6645
0	262
143	4702
372	6147
23	3027
0	0
83	3858
0	0
18	1273
259	5439
0	528
120	3309
75	4539
797	4076
545	7368
0	0
56	4800
81	3380
80	3978
3	72
131	3393
70	1720
0	0
776	3746
0	0
1016	7006
0	0
0	0
1192	7913
0	0
0	0
794	4158
731	7002
196	2816
0	0
1	106
0	0
0	297
0	0
0	0
0	0
431	5286
466	6936
13	43
290	2259
57	4772
1171	8633
757	4921
1	9
0	0
0	0
26	1651
14	867
140	784
0	0
2	19
55	4855
523	4375
67	1691
0	0
0	0
897	6388
947	7588
0	281
384	1913
537	6603
25	2873
27	334
0	0
70	4213
503	6971
577	5748
0	0
686	6343
373	1615
64	4341
2	41
71	4118
315	3842
26	2529
67	3868
28	567
162	4358
3	205
72	4211
82	1179
8	235
1353	8235
17	924
324	1372
5	390
0	2
0	0
17	171
33	2221
0	251
1441	7307
2	886
1031	7660
59	1141
0	0
1071	6274
1063	5309
145	2025
0	0
0	0
0	17
22	1995
0	297
0	0
0	0
954	4418
13	239
661	4041
659	5991
82	4167
0	0
1	12
61	3780
0	0
1093	7706
34	3433
87	689
10	295
0	85
292	2409
798	6844
874	5304
1229	8575
6	91
0	0
61	4606
1346	6797
529	7305
735	4725
635	6600
0	603
1	5
624	7640
56	3694
1	18
153	3983
1	1
1	145
25	58
83	4082
1287	7885
27	2433
83	4373
209	1320
24	3151
2	119
46	992
36	3501
0	0
51	3271
0	163
39	396
935	4188
0	0
2	18
1047	7300
25	1669
246	4981
445	5127
925	6234
1151	5823
625	7709
204	4910
746	5660
420	3229
20	2167
90	1613
1	404
80	2906
0	427
1	636
25	513
389	6527
0	0
76	4511
184	2325
16	194
861	4968
2	840
105	4417
329	5399
209	4968
1165	6866
1	22
6	98
0	0
1	155
159	4347
551	4833
498	6649
1	44
196	4884
169	4581
1	479
1166	7199
1	113
680	7383
1214	6502
127	1709
40	4288
51	4575
18	62
2	142
555	6652
1	2
966	4782
61	4596
559	3782
297	5893
1	31
0	0
784	6428
1	15
2	109
926	5883
0	149
69	1791
0	241
112	4175
134	3593
512	7226
198	2802
112	2673
214	4888
0	558
519	6067
705	4915
43	3828
84	3440
0	0
0	0
0	339
324	3997
1	526
75	602
57	3952
249	3056
77	1106
0	7
0	0
1243	6326
441	4420
61	4651
262	5158
11	668
484	4474
0	0
434	5962
1	535
709	3367
82	4311
0	0
505	6758
1012	6667
825	6438
254	3982
883	4861
298	5808
1	753
0	0
314	2628
24	1887
223	5095
1505	8229
0	0
244	4864
3	122
129	2454
0	0
0	0
98	2523
1176	8038
1555	7667
2	28
1	34
53	4798
564	6569
10	311
0	0
0	0
48	2050
77	2927
934	6927
0	0
0	186
18	1181
22	1476
300	5907
48	3818
0	0
0	0
1037	5330
1263	6377
49	916
0	0
1466	7638
0	723
0	138
855	4125
125	472
1	437
0	0
665	6487
911	6498
43	2446
175	2251
1348	6515
0	0
452	2293
149	4220
74	4500
201	922
385	6754
2	85
235	1107
30	684
0	0
333	6306
1504	7668
77	1966
443	4207
18	519
1	66
0	0
146	3975
617	7594
0	0
1231	8590
256	1001
758	3346
77	4109
0	0
0	0
0	0
86	3374
116	2897
63	4678
0	0
0	0
236	1445
114	2996
893	5935
0	645
72	2298
409	6641
652	7775
5	27
264	3377
8	354
37	353
1391	7571
44	4033
0	0
764	5231
0	1
864	5295
570	3900
34	3320
0	0
34	869
422	3864
1	3
687	4202
0	10
438	6289
18	1128
1075	4895
676	7256
17	521
0	0
60	4132
0	0
53	3713
189	791
1	425
468	6848
371	6656
863	6964
0	0
116	3649
808	7002
863	4510
15	631
157	4643
45	1079
0	235
50	4640
350	5597
515	2622
721	7393
0	0
0	304
704	7401
1227	8681
29	1360
5	223
72	1670
1	628
119	2777
169	4581
524	2890
0	528
0	0
157	4303
56	3988
0	0
2	996
419	6030
0	0
0	524
0	0
1352	6177
247	4990
955	6317
0	0
1	30
70	4490
1	24
0	653
0	0
86	3707
3	86
98	4161
223	4924
1139	6438
0	510
98	2630
752	7903
190	1912
62	1428
