real	estimada
223	9582
158	4487
687	5225
1	1572
28	1080
0	0
17	2011
0	0
124	6447
477	8119
324	12281
750	13759
820	10180
0	0
0	650
0	0
1	1236
38	4364
0	0
0	0
15	373
48	9866
0	0
0	0
222	9374
0	0
12	822
18	1096
1	133
1	449
0	0
74	9586
0	0
41	9277
0	0
1	165
7	411
1	506
8	1499
507	14312
935	8204
121	6204
246	10071
304	4268
1	1408
55	9686
842	6472
97	4967
140	7258
0	0
21	1665
176	5744
8	1876
9	2006
76	9283
34	4255
1	1336
870	9036
760	13176
580	14313
0	139
59	8766
1	359
0	8
0	0
1365	10801
0	0
87	2711
16	885
305	12414
27	1099
337	10516
0	0
358	2427
643	9137
1074	14138
2	2186
2	1285
1	629
10	2331
1	780
615	14489
126	6264
120	8740
75	9440
5	1390
661	13905
20	1157
31	4058
78	9380
7	1191
3	151
3	395
740	10433
823	9506
720	8083
4	1654
2	45
414	6986
428	3808
81	7316
1	1593
0	0
1	159
1	40
0	0
0	8
0	1307
0	1667
2	2067
36	8913
25	3934
5	162
2	1869
0	1696
0	0
2	2067
192	4540
400	5675
21	4578
0	0
49	2815
0	629
30	3818
59	1880
1291	14207
31	2557
24	4199
1	4
0	0
311	10329
1	141
60	3995
1	2
0	0
909	14581
0	0
2	221
42	9303
1	1082
1	895
680	12519
22	5190
1113	8579
0	0
0	0
16	1737
87	8671
369	9929
866	12278
691	6097
1	574
1116	13192
128	8628
0	0
39	3085
295	10245
385	11018
14	1843
15	1149
0	162
0	557
932	12589
1	473
828	13885
4	517
16	2025
53	7762
81	4208
284	2904
662	5627
0	1172
1433	12851
81	8796
36	8911
1018	8638
111	5733
395	13103
725	12556
708	10514
15	1872
0	0
98	4759
0	603
75	848
1224	13036
96	2858
30	7484
808	11171
155	8285
1	1527
1218	9546
1	77
146	4295
1323	10972
1	37
1225	9921
96	9226
641	11465
0	0
330	12625
72	9507
705	9049
922	7899
593	13341
317	11695
3	347
579	14324
1	463
17	575
1324	11249
113	3773
24	4172
337	12595
82	7607
910	15051
0	0
73	9109
64	9267
15	1855
1408	12080
63	9245
11	3212
7	697
2	71
129	8636
133	8929
70	8018
191	4724
40	9107
73	9510
258	8592
901	12715
0	0
179	9514
26	2058
0	0
201	5418
446	6809
0	635
0	0
255	9948
915	11348
1	179
1059	9456
0	0
0	1162
0	74
0	0
255	9421
221	1644
0	0
0	682
25	6713
71	9292
1088	14065
0	0
543	9196
557	13787
0	0
560	8551
687	14382
0	0
0	0
1444	12649
523	4622
144	7469
375	6259
0	0
0	1189
44	3010
134	3726
233	9856
23	3336
7	1605
104	3897
557	13777
90	8570
0	0
334	12642
73	8601
635	14864
18	2228
66	885
65	9582
993	9446
0	0
13	521
156	1281
64	9337
0	0
266	11284
312	11831
71	4486
1107	13475
0	0
78	8415
494	14364
1181	13724
603	8424
1	559
0	0
0	0
514	11230
46	9612
0	0
1004	12928
365	2588
46	9245
11	1272
69	8338
362	4652
95	4754
38	9466
21	1958
105	8544
2	44
324	7682
7	710
0	0
447	2919
756	12069
0	0
171	8980
0	0
37	194
640	11838
3	1038
196	4665
424	13133
31	1678
50	8527
77	9041
372	10208
542	13598
256	1803
211	1505
1447	12636
9	2724
1	684
0	1943
147	3079
175	3612
104	8695
23	3755
36	8908
9	43
36	5709
1083	13795
0	0
21	4476
78	8157
70	3412
0	512
619	14873
637	10801
47	6274
1	98
0	0
1409	12510
84	8125
1	539
480	3406
719	7920
0	1538
130	4651
95	3034
341	10690
486	4087
93	1328
0	0
420	11500
329	11846
470	14307
0	0
0	0
551	14559
55	615
562	9764
389	12535
5	378
58	8224
820	9700
8	224
538	9230
285	9666
38	4915
20	4410
68	7953
51	876
0	49
1	74
236	10576
1155	9666
8	2505
1470	13150
1	2162
42	5899
1230	11760
0	0
987	7022
36	3678
0	293
993	9479
1	49
69	7966
85	933
8	46
0	0
20	2395
2	1047
45	9577
995	7505
19	1884
424	3982
1	233
49	2282
251	1655
31	887
126	8985
45	9768
36	4774
0	0
1	266
0	0
1	3
1	728
630	9507
0	0
1280	10853
1	6
1	66
1220	15459
169	9223
2	2231
2	90
209	9942
1	168
153	4525
0	985
0	130
0	0
146	7461
1190	10413
92	8346
63	3180
0	0
321	8414
0	1170
85	8505
1180	14147
0	207
23	1812
1	33
0	0
0	0
640	14658
16	3405
33	2249
0	1544
6	132
21	547
17	480
0	0
0	0
205	10066
2	285
1495	13550
66	8319
528	13743
810	14181
1369	11769
78	9215
0	0
5	629
1444	12393
1	203
1036	7998
508	14587
0	1164
849	12015
707	5930
41	6756
76	8184
71	4591
0	0
90	8593
146	7823
0	0
834	6414
0	0
955	7877
55	6989
18	2212
294	2856
0	372
20	2730
1	1047
623	5473
95	1328
