real	estimada
2196	167139
3677	216885
81	32375
2634	229828
1166	64769
2	6813
219	52150
748	168346
1491	76107
3006	208031
3957	215766
12	4824
398	93068
2014	138663
83	37009
0	0
2712	239989
42	16745
2147	176612
0	0
22	11427
0	0
570	47989
3108	214410
188	21991
3816	205635
1	4328
9	3801
3081	166862
285	110751
2484	124369
2305	232916
3763	192705
1	4719
16	7597
2778	108905
1034	53521
1	3141
279	17877
885	70295
0	0
1	5406
123	12987
2795	227567
2085	183553
351	158966
2079	146271
1	1303
0	0
1155	44052
176	15562
511	177705
3324	135547
306	21008
3026	217218
0	0
439	91104
3443	135354
1	4887
3964	219375
1721	218335
0	0
3	7935
2	10895
1586	100499
2557	210840
1650	105950
1	775
1569	109643
1	1757
15	8890
405	25216
3578	160385
1339	167952
2	9739
3163	153742
1	2059
110	45293
1927	83403
624	106023
880	63694
1607	135762
9	2816
161	92621
1719	64404
2510	199149
1155	53888
3309	161760
1418	153663
3900	205062
2	172
3300	130969
1344	161686
1	14418
1892	97526
1677	114276
112	13146
3417	137377
806	192162
695	36079
3907	202195
1604	109951
1951	165624
390	64794
192	77358
649	104516
1145	63244
3600	157569
1033	105676
1464	118261
1777	198689
358	23356
1327	66531
289	80229
0	5
2	535
725	193708
504	162716
0	0
3721	177159
1700	204837
9	2250
773	36262
1	253
883	49577
3627	153092
1	7750
1036	169023
2230	227029
31	13874
595	80025
430	30521
13	4970
931	100056
3191	240507
1253	183474
1300	76538
2488	204886
1181	215715
5	660
182	13969
150	76426
25	17548
3507	212086
725	34836
2010	105744
15	6484
1766	123774
409	22479
1203	60465
0	0
1172	63622
2122	110538
1	495
2459	122491
1172	65479
1	3482
393	94784
691	185269
0	0
2	115
343	163425
2	10965
0	0
478	105639
1	6560
1185	67185
1818	84808
577	30113
443	148241
2	5697
114	15753
0	0
502	63311
2852	207242
1251	72933
1061	109142
1377	140011
3593	162110
1	7896
1	4968
1984	145486
3841	218956
1299	65049
1	3285
109	19992
3693	208534
2267	87707
6	1494
100	15433
2130	233187
1040	115946
740	184798
2	15243
92	20829
571	27539
1860	118797
839	39761
1835	105164
797	143435
142	79010
1975	169106
9	3513
3046	162245
2	12220
1	0
1118	56769
1	2255
89	14746
2403	177086
0	0
3882	198975
3683	171265
3619	160106
1937	156692
1360	79028
3670	172614
916	157671
183	123278
0	0
1	2113
345	93168
1	2784
1341	88423
14	10807
372	28330
1294	62598
1802	90673
19	9097
42	22937
21	13032
1003	92060
1	4458
1	114
470	156320
1	1960
2612	135454
5	7546
1086	200908
0	0
538	172942
88	28425
0	0
1	2871
343	22089
1116	111273
348	160002
0	0
1	1006
1	589
7	2724
436	155310
36	17772
1878	96602
2552	228056
1003	182781
500	33992
575	146915
3615	184016
61	11315
124	38201
3008	227747
3498	179984
3069	191248
1	1191
1265	218016
1465	174058
1	2142
620	157257
2240	234719
2	16957
288	23182
0	0
3542	190222
1724	89259
2279	223781
2	12450
2119	109843
10	8434
1534	149206
298	152785
1	366
0	0
1	41
1393	95996
2572	221496
1747	110727
25	11500
597	177632
1834	96432
3656	195862
2587	216930
41	5872
2317	164588
0	0
1	194
2	708
635	135328
2	13099
1724	229370
1	1907
1	4798
0	0
1	615
0	0
1	419
1918	235319
3380	137044
101	28054
3910	206586
1261	68669
1484	131499
3748	176385
3683	183042
424	56629
1892	124978
2254	201334
3804	193163
2804	224392
137	74299
3425	138230
1288	80936
23	14919
100	17192
730	32523
1	502
3570	148307
446	40715
2832	137218
1	6372
408	24643
685	114768
384	167593
2419	203843
522	32089
2658	170025
124	21704
0	0
1756	111363
1800	93962
1045	87055
1	2196
1216	65092
0	0
2040	172761
3542	184302
404	162299
2795	120456
0	0
129	21440
570	68667
0	0
374	42244
12	10296
686	166921
1411	101489
2946	216129
0	1
1343	62474
1	4174
2101	155083
1103	120699
1	938
0	0
945	43349
1244	58396
1	147
710	186135
3324	120823
1154	64467
2408	122469
139	45140
550	66605
11	8041
292	18913
928	192824
675	187017
1285	65921
376	66989
1	1525
148	106738
3386	135289
2451	230823
210	29477
3783	192192
3354	128656
1622	139126
1	3984
1192	138115
1	6900
1	41
2586	200842
2037	172240
502	64843
1992	236651
799	39647
1651	79472
2260	237892
60	17675
32	14614
296	152925
2	14212
290	95715
1309	215094
3715	181431
1299	84507
2409	113161
257	142753
2045	151845
65	25445
5	8574
53	30427
749	194210
895	158334
1944	234891
3219	208352
0	6584
320	21875
2	225
2228	165906
2155	123990
1163	127633
3100	141790
3	8888
2638	107157
2512	138755
238	80234
2013	185789
1357	221482
263	23506
583	32955
2	8166
1264	70128
1	5700
2396	175548
596	128565
3516	178297
2	7713
1100	123972
73	15600
689	38722
62	32471
39	16714
2352	111371
0	0
1839	131248
1932	236061
6	1429
1	2658
1152	62742
2	107
2496	106229
1	7
1061	55052
2288	110335
3042	238838
1975	197083
2480	184080
680	35197
1355	195543
60	27621
287	153743
2613	223110
3361	167239
3933	208532
0	0
162	53046
0	8170
258	17611
2	15626
1	7592
797	37341
0	0
1874	151428
386	70271
328	158789
1424	64911
57	37870
1935	182301
108	69420
470	28011
0	0
1606	123338
2900	232796
3418	191555
1043	49532
2015	176335
3353	157084
2	321
71	14719
194	22261
3036	239128
700	38847
2309	142121
1	9023
2	8346
374	22966
3207	193009
232	66715
1876	133239
