real	estimada
26	1038
164	10714
890	14645
1	1933
1131	15999
1	639
1452	23312
2	2091
0	0
1966	26776
509	6726
121	20974
1	50
305	21591
386	22526
1119	19230
29	2891
1171	16915
183	18246
84	11052
13	349
864	6510
575	25282
1039	15536
1626	20965
200	6248
91	6695
1258	25286
2	2021
1	738
174	20599
0	123
866	23107
478	23380
685	9380
234	20948
1	1007
647	5073
670	24010
5	394
1106	11059
0	0
0	0
29	3485
794	6157
68	12019
689	12566
0	0
2	55
141	7500
1079	20293
1558	27071
0	0
41	4578
48	4837
0	0
98	8640
0	0
2415	22881
0	0
1	19
1	1760
1336	20436
409	7520
2267	24346
2	160
1	709
275	14160
235	4923
162	5949
12	1347
188	14736
1742	16633
413	17608
152	8039
883	14010
404	20597
7	580
1	387
1058	13998
0	0
50	9372
0	299
29	7138
1	641
76	3839
174	5185
1233	18293
880	10493
196	11319
89	5886
980	15447
128	13260
908	8056
1242	16504
442	22299
578	25123
1123	27712
1	2210
34	6815
1	859
11	1040
21	2833
574	24679
0	123
0	1815
498	24286
92	18099
276	20359
0	0
1	100
1945	25045
0	0
1566	26804
214	7505
1670	27927
0	643
258	14676
633	24806
0	2157
51	10026
988	13241
138	9326
88	19105
137	6744
1587	26724
1	90
1665	29033
15	457
156	19282
0	379
0	0
0	0
481	20043
1348	13158
516	7525
0	1338
118	6314
1696	22421
1	997
0	352
19	3136
801	16968
695	25740
2	2974
24	4297
1	56
0	0
1	123
540	22890
1098	12079
21	1349
1042	12579
2	153
1044	26542
705	12267
1	1437
491	16907
915	21763
69	3027
7	767
1305	13752
0	0
0	0
144	7299
151	8162
2120	26796
1552	12216
12	1245
1	157
113	17404
1	1
1356	29204
1539	14589
0	2
2332	24541
92	19718
23	2588
797	10004
242	6685
691	15248
10	1177
1	2588
1	658
6	611
78	17300
1161	14653
451	4057
0	0
112	20967
176	20216
81	2231
4	194
31	7043
92	16477
508	11631
500	20018
1202	17955
166	20897
1046	17555
779	18536
2100	21786
0	0
240	19875
0	0
18	998
1	304
2013	19804
493	7235
0	0
178	18120
1130	17270
193	12254
41	2714
0	1453
105	10917
174	10949
703	5083
198	10255
1288	29806
129	20946
1727	13607
80	4765
147	7347
1550	15011
426	20315
0	0
1	325
91	6725
31	1208
1503	14435
1048	16853
1916	27914
217	10724
17	2266
175	4959
765	21362
21	2131
1273	29535
83	13812
716	26289
20	2212
2476	25129
353	8954
0	604
14	409
503	11388
0	0
0	0
0	0
0	0
183	12209
1409	27180
1595	15327
1258	18771
1	202
0	0
57	2332
138	20880
0	0
170	3333
163	14228
0	0
214	6464
1	2083
0	2246
128	7543
18	1733
195	17482
1	41
2	1131
1	15
77	506
70	12813
1237	11781
60	3266
875	10000
1	55
0	9
0	0
1177	21497
0	0
21	2579
1	1283
22	3502
427	15313
1397	16453
62	2894
568	11068
0	0
129	8965
1240	30435
0	0
8	460
66	3107
2	2237
1612	31200
150	5065
571	19303
44	8680
1973	26328
5	198
2224	21813
336	17573
688	23372
719	21107
4	287
564	6694
2	1536
0	0
2	1824
585	8249
328	21434
77	15611
607	9969
456	12143
789	26145
0	0
266	4170
555	3828
1367	10540
641	10947
21	3085
0	0
1007	19619
0	254
254	11451
327	5924
30	2877
668	26390
15	1981
224	19717
2186	17595
2208	25809
1307	12206
77	11503
14	1635
2344	20905
1	878
103	5402
0	0
497	8161
719	9761
1	50
856	25500
1623	28852
67	10142
2	1552
1	1732
1	105
1857	19245
0	1704
94	6945
160	6166
1724	30542
166	13541
48	2483
1130	19302
313	21629
666	19847
1	26
39	1650
0	0
2	1481
118	11467
381	6299
2	1528
0	0
166	14904
750	12286
1	65
143	20676
273	7086
0	0
639	25148
1448	23767
647	20694
2022	28671
1424	24281
13	1546
36	7167
2018	16117
1739	30835
1	696
2	2788
28	4194
905	27895
2266	19363
225	14243
0	1061
1052	14650
1	609
227	14523
111	4885
1046	14020
0	0
1511	21943
16	2258
0	0
1822	32413
0	0
1867	16986
182	12423
145	18451
22	639
24	3923
0	0
64	13362
282	20772
897	6592
17	654
1	470
2	73
972	10609
1	772
1782	31791
0	0
686	4956
1189	19509
267	7509
1429	24293
912	9052
716	19028
2	1424
233	17602
31	1593
262	7321
1532	12816
171	5580
109	20259
479	12371
87	3907
935	15110
237	12533
158	16253
19	2363
217	18320
58	10249
4	406
1295	29830
1258	25563
0	0
52	2096
79	16178
44	2074
410	23074
0	0
866	13484
17	1911
0	1659
0	0
29	2609
1184	19108
0	0
1134	15926
1287	26533
1856	29996
1674	29538
606	12602
95	20050
0	408
4	172
0	0
585	3930
634	8863
892	27751
529	15776
1836	19701
4	221
112	6058
93	20115
2	3047
0	1542
140	18076
318	8984
215	4919
948	15422
120	20993
104	15790
269	1834
1246	13281
477	15805
36	2880
1	1408
0	0
24	3849
0	0
955	29301
843	27992
88	17350
284	3579
706	9861
8	494
0	0
1174	19648
1	992
385	5414
1732	32547
0	773
185	18529
