real	estimada
0	6283
1393	72204
1958	38272
17	5445
202	10908
2229	59573
106	11361
1880	61779
1396	32000
80	44276
179	51617
75	33478
126	29846
51	26531
603	59188
194	8951
191	10640
11	882
86	21496
0	0
219	42977
21	5319
36	20600
93	41312
1	17
2553	51710
539	19167
1	463
0	0
1096	41170
631	60797
1683	29409
1206	39030
22	6054
49	5909
33	3890
1329	49754
80	33570
184	30635
2069	40552
0	0
259	51107
2082	40793
480	60809
6	240
649	20796
1147	64635
889	13913
438	26294
1	3435
0	0
0	2714
1243	33095
538	53221
199	17452
2100	43911
197	15894
980	24341
0	0
0	0
0	1408
772	62515
0	0
701	62823
1320	46177
142	49089
1141	23481
139	41244
192	29675
138	9920
189	29005
1	3518
146	30888
8	1789
399	47919
0	5527
142	17980
0	0
149	7791
160	34326
778	61712
301	56202
769	61030
154	44709
0	0
31	19208
28	6511
1141	48731
268	51108
259	48740
1653	50397
114	33640
429	38977
585	62080
367	15601
1811	45761
97	48929
915	32932
1	818
2	6774
0	0
1527	25074
1	265
1934	58065
451	17403
1	347
1	590
1679	54767
0	0
69	8069
868	19015
802	47704
31	5044
66	36900
10	2395
221	29992
1	852
1	3540
1	128
55	32152
1	537
230	11512
704	25995
1	1466
122	22639
0	0
1	252
337	20664
477	47542
1010	71551
20	6018
188	54260
0	0
478	58888
177	30988
4	639
1327	35109
183	2558
1115	65847
76	15673
1966	36919
310	14636
234	45203
111	54857
156	52559
70	39363
1704	60795
1095	22510
143	55123
1303	51500
0	0
1058	43198
19	5996
193	55075
979	69041
22	8330
1306	31197
83	31914
1397	52587
416	47724
234	11570
1824	58631
1287	50763
42	16831
43	23057
412	15652
1138	38445
174	24101
381	58444
132	21511
80	37817
232	17745
1	50
1407	75777
24	7645
670	16700
410	59413
5	581
183	43368
59	7980
1	50
0	0
71	11854
13	6866
2527	53189
1594	67868
1	2605
127	24899
32	19891
852	55399
1262	44455
1992	39488
114	50632
1	96
27	14822
1925	67530
0	0
1205	52239
1	512
5	330
171	55234
1	514
1	496
0	0
1	971
126	53914
1188	46158
219	17180
91	47127
1	1309
1420	73699
1589	67750
128	19255
1258	28233
2	7313
2400	50641
235	15956
5	1003
1732	39197
1	1706
1667	39996
0	0
1369	50400
1	1977
122	54703
70	38873
119	49127
123	27708
483	55023
1576	52437
6	938
762	64860
128	56044
585	61291
691	22118
0	0
478	60589
0	0
0	0
1	1454
5	623
1	2694
0	0
0	0
1380	45470
49	21000
161	55331
279	45446
163	55213
1	564
700	22984
1	398
1	1830
16	3825
2514	44938
86	45675
0	0
0	0
59	36143
1047	55407
1	471
2328	62989
325	46442
1564	64558
375	50440
2306	40707
1	3704
64	27977
107	18324
1304	46060
55	10897
193	45951
1	436
15	4640
114	10841
44	5046
0	6
80	46276
861	33340
17	4033
90	52811
0	0
1	298
0	0
1401	76772
2	753
346	57145
2237	57450
1209	42979
133	55316
90	47107
1190	66952
1661	68138
1	15
90	10903
592	30701
1	1821
82	42791
15	4693
0	3162
2059	41323
557	19419
1078	27159
118	9370
0	0
2	4203
1661	66507
0	0
0	0
6	1728
106	53825
56	3080
1	5692
124	4402
210	37622
127	42197
163	20042
410	11455
0	0
459	56447
1	3692
505	54592
1335	46454
1531	72502
6	790
427	58319
1660	70393
1341	74270
271	12693
0	0
1421	59461
2059	36719
539	60522
114	20612
1734	73485
0	562
503	20995
1	5990
1536	68964
1	2508
2083	41816
2	550
63	7362
1807	60415
7	1900
83	49244
1492	75127
0	0
72	35355
168	48563
244	25042
23	7876
0	0
951	23612
3	945
1	2194
1	352
1494	55644
22	1967
433	10552
1	155
408	16395
409	59090
846	67797
156	47550
166	38238
1	1448
496	58081
206	53703
1257	63998
952	72091
559	59179
0	0
1	1058
110	50655
0	0
80	14050
480	28857
2	462
113	54855
1201	38887
130	49627
1364	69292
54	30354
2	8171
735	57287
71	42068
44	8408
814	32435
776	35254
258	55208
663	26076
2174	67527
239	29016
184	55092
65	13737
381	14232
1098	65400
834	25718
80	47843
0	2171
0	0
54	26912
661	26328
1726	68521
325	42095
1	280
1188	64146
166	31041
151	50035
539	58603
2078	51694
2	4691
844	60153
178	53714
1491	37057
1	2036
9	2060
30	17035
1605	65972
4	552
2	200
137	43095
535	52194
499	48509
1	7151
11	5830
776	28924
4	493
1077	37579
1082	36499
264	50384
627	22160
184	14602
296	21415
328	32642
226	34159
893	38547
408	16369
997	16369
2	7825
701	29143
1025	33848
167	33535
1457	59396
0	2890
68	8381
21	9511
1265	50525
54	8688
1	2794
1	3
192	27197
3	265
1	3313
70	38413
150	36053
2023	37302
81	42535
5	6588
188	41707
183	31930
1	135
193	54925
1	1809
461	59394
1351	49635
22	4875
1	5737
599	20532
0	1012
28	6753
959	37441
1	2011
370	42485
962	44630
506	48525
106	17894
1	5852
1	5568
155	20636
42	22321
123	12333
1354	54325
1782	76266
1	435
1565	55161
7	1470
0	0
352	16564
668	24654
1	168
0	0
323	28483
445	48151
602	59641
1613	62148
278	38355
49	16052
1	4004
