 -60.04858  -24.58494 0.000000
 -60.04858  -24.15168 0.000000
 -60.04858  -23.71842 0.000000
 -60.04858  -23.28515 0.000000
 -60.04858  -22.85189 0.000000
 -60.04858  -22.41863 0.000000
 -60.04858  -21.98537 0.000000
 -60.04858  -21.55211 0.000000
 -60.04858  -21.11884 0.000000
 -60.04858  -20.68558 0.000000
 -60.04858  -20.25232 0.000000
 -60.04858  -19.81906 0.000000
 -60.04858  -19.38579 0.000000
 -60.04858  -18.95253 0.000000
 -60.04858  -18.51927 0.000000
 -60.04858  -18.08601 0.000000
 -60.04858  -17.65275 0.000000
 -60.04858  -17.21948 0.000000
 -60.04858  -16.78622 0.000000
 -60.04858  -16.35296 0.000000
 -60.04858  -15.91970 0.000000
 -60.04858  -15.48644 0.000000
 -60.04858  -15.05317 0.000000
 -60.04858  -14.61991 0.000000
 -60.04858  -14.18665 26.000000
 -60.04858  -13.75339 0.000000
 -60.04858  -13.32012 15.597937
 -60.04858  -12.88686 34.402063
 -60.04858  -12.45360 11.000000
 -60.04858  -12.02034 0.000000
 -60.04858  -11.58708 0.000000
 -60.04858  -11.15381 0.000000
 -60.04858  -10.72055 0.000000
 -60.04858  -10.28729 0.000000
 -60.04858   -9.85403 0.000000
 -60.04858   -9.42077 0.000000
 -60.04858   -8.98750 0.000000
 -60.04858   -8.55424 0.000000
 -60.04858   -8.12098 0.000000
 -60.04858   -7.68772 0.000000
 -60.04858   -7.25445 0.000000
 -60.04858   -6.82119 0.000000
 -60.04858   -6.38793 0.000000
 -60.04858   -5.95467 0.000000
 -60.04858   -5.52141 0.000000
 -60.04858   -5.08814 0.000000
 -60.04858   -4.65488 0.000000
 -60.04858   -4.22162 0.000000
 -60.04858   -3.78836 0.000000
 -60.04858   -3.35510 0.000000
 -59.68377  -24.58494 0.000000
 -59.68377  -24.15168 0.000000
 -59.68377  -23.71842 0.000000
 -59.68377  -23.28515 0.000000
 -59.68377  -22.85189 0.000000
 -59.68377  -22.41863 0.000000
 -59.68377  -21.98537 0.000000
 -59.68377  -21.55211 0.000000
 -59.68377  -21.11884 0.000000
 -59.68377  -20.68558 0.000000
 -59.68377  -20.25232 0.000000
 -59.68377  -19.81906 0.000000
 -59.68377  -19.38579 0.000000
 -59.68377  -18.95253 0.000000
 -59.68377  -18.51927 0.000000
 -59.68377  -18.08601 0.000000
 -59.68377  -17.65275 0.000000
 -59.68377  -17.21948 0.000000
 -59.68377  -16.78622 0.000000
 -59.68377  -16.35296 0.000000
 -59.68377  -15.91970 0.000000
 -59.68377  -15.48644 0.000000
 -59.68377  -15.05317 0.000000
 -59.68377  -14.61991 48.742630
 -59.68377  -14.18665 47.168380
 -59.68377  -13.75339 8.951949
 -59.68377  -13.32012 3.000000
 -59.68377  -12.88686 0.000000
 -59.68377  -12.45360 1.000000
 -59.68377  -12.02034 2.303362
 -59.68377  -11.58708 0.000000
 -59.68377  -11.15381 0.000000
 -59.68377  -10.72055 0.000000
 -59.68377  -10.28729 0.000000
 -59.68377   -9.85403 0.000000
 -59.68377   -9.42077 0.000000
 -59.68377   -8.98750 0.000000
 -59.68377   -8.55424 0.000000
 -59.68377   -8.12098 0.000000
 -59.68377   -7.68772 0.000000
 -59.68377   -7.25445 0.000000
 -59.68377   -6.82119 0.000000
 -59.68377   -6.38793 0.000000
 -59.68377   -5.95467 0.000000
 -59.68377   -5.52141 0.000000
 -59.68377   -5.08814 0.000000
 -59.68377   -4.65488 0.000000
 -59.68377   -4.22162 0.000000
 -59.68377   -3.78836 0.000000
 -59.68377   -3.35510 0.000000
 -59.31897  -24.58494 0.000000
 -59.31897  -24.15168 0.000000
 -59.31897  -23.71842 0.000000
 -59.31897  -23.28515 0.000000
 -59.31897  -22.85189 0.000000
 -59.31897  -22.41863 0.000000
 -59.31897  -21.98537 0.000000
 -59.31897  -21.55211 0.000000
 -59.31897  -21.11884 0.000000
 -59.31897  -20.68558 0.000000
 -59.31897  -20.25232 0.000000
 -59.31897  -19.81906 0.000000
 -59.31897  -19.38579 0.000000
 -59.31897  -18.95253 0.000000
 -59.31897  -18.51927 0.000000
 -59.31897  -18.08601 0.000000
 -59.31897  -17.65275 0.000000
 -59.31897  -17.21948 0.000000
 -59.31897  -16.78622 0.000000
 -59.31897  -16.35296 0.000000
 -59.31897  -15.91970 0.000000
 -59.31897  -15.48644 0.000000
 -59.31897  -15.05317 24.655537
 -59.31897  -14.61991 53.469084
 -59.31897  -14.18665 54.218996
 -59.31897  -13.75339 41.865240
 -59.31897  -13.32012 68.512808
 -59.31897  -12.88686 0.000000
 -59.31897  -12.45360 0.000000
 -59.31897  -12.02034 12.057870
 -59.31897  -11.58708 23.638768
 -59.31897  -11.15381 0.000000
 -59.31897  -10.72055 0.000000
 -59.31897  -10.28729 0.000000
 -59.31897   -9.85403 0.000000
 -59.31897   -9.42077 0.000000
 -59.31897   -8.98750 0.000000
 -59.31897   -8.55424 0.000000
 -59.31897   -8.12098 0.000000
 -59.31897   -7.68772 0.000000
 -59.31897   -7.25445 0.000000
 -59.31897   -6.82119 0.000000
 -59.31897   -6.38793 0.000000
 -59.31897   -5.95467 0.000000
 -59.31897   -5.52141 0.000000
 -59.31897   -5.08814 0.000000
 -59.31897   -4.65488 0.000000
 -59.31897   -4.22162 0.000000
 -59.31897   -3.78836 0.000000
 -59.31897   -3.35510 0.000000
 -58.95416  -24.58494 0.000000
 -58.95416  -24.15168 0.000000
 -58.95416  -23.71842 0.000000
 -58.95416  -23.28515 0.000000
 -58.95416  -22.85189 0.000000
 -58.95416  -22.41863 0.000000
 -58.95416  -21.98537 0.000000
 -58.95416  -21.55211 0.000000
 -58.95416  -21.11884 0.000000
 -58.95416  -20.68558 0.000000
 -58.95416  -20.25232 0.000000
 -58.95416  -19.81906 0.000000
 -58.95416  -19.38579 0.000000
 -58.95416  -18.95253 0.000000
 -58.95416  -18.51927 0.000000
 -58.95416  -18.08601 0.000000
 -58.95416  -17.65275 0.000000
 -58.95416  -17.21948 0.000000
 -58.95416  -16.78622 0.000000
 -58.95416  -16.35296 0.000000
 -58.95416  -15.91970 0.000000
 -58.95416  -15.48644 1.000000
 -58.95416  -15.05317 8.047757
 -58.95416  -14.61991 35.351291
 -58.95416  -14.18665 29.255746
 -58.95416  -13.75339 24.035525
 -58.95416  -13.32012 50.101799
 -58.95416  -12.88686 57.602898
 -58.95416  -12.45360 0.217565
 -58.95416  -12.02034 41.227484
 -58.95416  -11.58708 9.000000
 -58.95416  -11.15381 0.000000
 -58.95416  -10.72055 0.000000
 -58.95416  -10.28729 0.000000
 -58.95416   -9.85403 0.000000
 -58.95416   -9.42077 0.000000
 -58.95416   -8.98750 0.000000
 -58.95416   -8.55424 0.000000
 -58.95416   -8.12098 0.000000
 -58.95416   -7.68772 0.000000
 -58.95416   -7.25445 0.000000
 -58.95416   -6.82119 0.000000
 -58.95416   -6.38793 0.000000
 -58.95416   -5.95467 0.000000
 -58.95416   -5.52141 0.000000
 -58.95416   -5.08814 0.000000
 -58.95416   -4.65488 0.000000
 -58.95416   -4.22162 0.000000
 -58.95416   -3.78836 0.000000
 -58.95416   -3.35510 0.000000
 -58.58936  -24.58494 0.000000
 -58.58936  -24.15168 0.000000
 -58.58936  -23.71842 0.000000
 -58.58936  -23.28515 0.000000
 -58.58936  -22.85189 0.000000
 -58.58936  -22.41863 0.000000
 -58.58936  -21.98537 0.000000
 -58.58936  -21.55211 0.000000
 -58.58936  -21.11884 0.000000
 -58.58936  -20.68558 0.000000
 -58.58936  -20.25232 0.000000
 -58.58936  -19.81906 0.000000
 -58.58936  -19.38579 0.000000
 -58.58936  -18.95253 0.000000
 -58.58936  -18.51927 0.000000
 -58.58936  -18.08601 0.000000
 -58.58936  -17.65275 0.000000
 -58.58936  -17.21948 0.000000
 -58.58936  -16.78622 0.000000
 -58.58936  -16.35296 0.000000
 -58.58936  -15.91970 0.000000
 -58.58936  -15.48644 1.000000
 -58.58936  -15.05317 44.648740
 -58.58936  -14.61991 32.445064
 -58.58936  -14.18665 4.711670
 -58.58936  -13.75339 14.304203
 -58.58936  -13.32012 3.723136
 -58.58936  -12.88686 98.152876
 -58.58936  -12.45360 58.346662
 -58.58936  -12.02034 89.159996
 -58.58936  -11.58708 5.865730
 -58.58936  -11.15381 0.000000
 -58.58936  -10.72055 0.000000
 -58.58936  -10.28729 0.000000
 -58.58936   -9.85403 0.000000
 -58.58936   -9.42077 0.000000
 -58.58936   -8.98750 0.000000
 -58.58936   -8.55424 0.000000
 -58.58936   -8.12098 0.000000
 -58.58936   -7.68772 0.000000
 -58.58936   -7.25445 0.000000
 -58.58936   -6.82119 0.000000
 -58.58936   -6.38793 0.000000
 -58.58936   -5.95467 0.000000
 -58.58936   -5.52141 0.000000
 -58.58936   -5.08814 0.000000
 -58.58936   -4.65488 0.000000
 -58.58936   -4.22162 0.000000
 -58.58936   -3.78836 0.000000
 -58.58936   -3.35510 0.000000
 -58.22456  -24.58494 0.000000
 -58.22456  -24.15168 0.000000
 -58.22456  -23.71842 0.000000
 -58.22456  -23.28515 0.000000
 -58.22456  -22.85189 0.000000
 -58.22456  -22.41863 0.000000
 -58.22456  -21.98537 0.000000
 -58.22456  -21.55211 0.000000
 -58.22456  -21.11884 0.000000
 -58.22456  -20.68558 0.000000
 -58.22456  -20.25232 0.000000
 -58.22456  -19.81906 0.000000
 -58.22456  -19.38579 0.000000
 -58.22456  -18.95253 0.000000
 -58.22456  -18.51927 0.000000
 -58.22456  -18.08601 0.000000
 -58.22456  -17.65275 0.000000
 -58.22456  -17.21948 0.000000
 -58.22456  -16.78622 0.000000
 -58.22456  -16.35296 0.000000
 -58.22456  -15.91970 0.000000
 -58.22456  -15.48644 0.000000
 -58.22456  -15.05317 3.000000
 -58.22456  -14.61991 17.493762
 -58.22456  -14.18665 20.539063
 -58.22456  -13.75339 10.858911
 -58.22456  -13.32012 46.858695
 -58.22456  -12.88686 128.021992
 -58.22456  -12.45360 53.918569
 -58.22456  -12.02034 0.000000
 -58.22456  -11.58708 0.000000
 -58.22456  -11.15381 0.000000
 -58.22456  -10.72055 0.000000
 -58.22456  -10.28729 0.000000
 -58.22456   -9.85403 0.000000
 -58.22456   -9.42077 0.000000
 -58.22456   -8.98750 0.000000
 -58.22456   -8.55424 0.000000
 -58.22456   -8.12098 0.000000
 -58.22456   -7.68772 0.000000
 -58.22456   -7.25445 0.000000
 -58.22456   -6.82119 0.000000
 -58.22456   -6.38793 0.000000
 -58.22456   -5.95467 0.000000
 -58.22456   -5.52141 0.000000
 -58.22456   -5.08814 0.000000
 -58.22456   -4.65488 0.000000
 -58.22456   -4.22162 0.000000
 -58.22456   -3.78836 0.000000
 -58.22456   -3.35510 0.000000
 -57.85975  -24.58494 0.000000
 -57.85975  -24.15168 0.000000
 -57.85975  -23.71842 0.000000
 -57.85975  -23.28515 0.000000
 -57.85975  -22.85189 0.000000
 -57.85975  -22.41863 0.000000
 -57.85975  -21.98537 14.000000
 -57.85975  -21.55211 6.000000
 -57.85975  -21.11884 0.000000
 -57.85975  -20.68558 0.000000
 -57.85975  -20.25232 0.000000
 -57.85975  -19.81906 0.000000
 -57.85975  -19.38579 0.000000
 -57.85975  -18.95253 0.000000
 -57.85975  -18.51927 0.000000
 -57.85975  -18.08601 0.000000
 -57.85975  -17.65275 0.000000
 -57.85975  -17.21948 0.000000
 -57.85975  -16.78622 0.000000
 -57.85975  -16.35296 3.000000
 -57.85975  -15.91970 1.000000
 -57.85975  -15.48644 0.000000
 -57.85975  -15.05317 0.000000
 -57.85975  -14.61991 0.858616
 -57.85975  -14.18665 94.999574
 -57.85975  -13.75339 44.999306
 -57.85975  -13.32012 86.000000
 -57.85975  -12.88686 0.668744
 -57.85975  -12.45360 0.000000
 -57.85975  -12.02034 0.000000
 -57.85975  -11.58708 0.000000
 -57.85975  -11.15381 0.000000
 -57.85975  -10.72055 0.000000
 -57.85975  -10.28729 0.000000
 -57.85975   -9.85403 0.000000
 -57.85975   -9.42077 0.000000
 -57.85975   -8.98750 0.000000
 -57.85975   -8.55424 0.000000
 -57.85975   -8.12098 0.000000
 -57.85975   -7.68772 0.000000
 -57.85975   -7.25445 0.000000
 -57.85975   -6.82119 0.000000
 -57.85975   -6.38793 0.000000
 -57.85975   -5.95467 0.000000
 -57.85975   -5.52141 0.000000
 -57.85975   -5.08814 0.000000
 -57.85975   -4.65488 0.000000
 -57.85975   -4.22162 0.000000
 -57.85975   -3.78836 0.000000
 -57.85975   -3.35510 0.000000
 -57.49495  -24.58494 0.000000
 -57.49495  -24.15168 0.000000
 -57.49495  -23.71842 0.000000
 -57.49495  -23.28515 0.000000
 -57.49495  -22.85189 0.000000
 -57.49495  -22.41863 27.914530
 -57.49495  -21.98537 16.000000
 -57.49495  -21.55211 23.821923
 -57.49495  -21.11884 8.555462
 -57.49495  -20.68558 1.263898
 -57.49495  -20.25232 39.743998
 -57.49495  -19.81906 3.408032
 -57.49495  -19.38579 0.000000
 -57.49495  -18.95253 0.000000
 -57.49495  -18.51927 0.000000
 -57.49495  -18.08601 0.000000
 -57.49495  -17.65275 0.000000
 -57.49495  -17.21948 0.000000
 -57.49495  -16.78622 0.000000
 -57.49495  -16.35296 40.761189
 -57.49495  -15.91970 14.017933
 -57.49495  -15.48644 2.411686
 -57.49495  -15.05317 0.000000
 -57.49495  -14.61991 0.000000
 -57.49495  -14.18665 27.724782
 -57.49495  -13.75339 66.447218
 -57.49495  -13.32012 8.423532
 -57.49495  -12.88686 0.000000
 -57.49495  -12.45360 0.000000
 -57.49495  -12.02034 0.000000
 -57.49495  -11.58708 0.000000
 -57.49495  -11.15381 0.000000
 -57.49495  -10.72055 0.000000
 -57.49495  -10.28729 0.000000
 -57.49495   -9.85403 0.000000
 -57.49495   -9.42077 0.000000
 -57.49495   -8.98750 0.000000
 -57.49495   -8.55424 0.000000
 -57.49495   -8.12098 0.000000
 -57.49495   -7.68772 0.000000
 -57.49495   -7.25445 0.000000
 -57.49495   -6.82119 0.000000
 -57.49495   -6.38793 0.000000
 -57.49495   -5.95467 0.000000
 -57.49495   -5.52141 0.000000
 -57.49495   -5.08814 0.000000
 -57.49495   -4.65488 0.000000
 -57.49495   -4.22162 0.000000
 -57.49495   -3.78836 0.000000
 -57.49495   -3.35510 0.000000
 -57.13014  -24.58494 0.000000
 -57.13014  -24.15168 0.000000
 -57.13014  -23.71842 0.000000
 -57.13014  -23.28515 0.000000
 -57.13014  -22.85189 0.000000
 -57.13014  -22.41863 19.085470
 -57.13014  -21.98537 46.000000
 -57.13014  -21.55211 32.178077
 -57.13014  -21.11884 7.444538
 -57.13014  -20.68558 7.638879
 -57.13014  -20.25232 20.091020
 -57.13014  -19.81906 0.854174
 -57.13014  -19.38579 0.000000
 -57.13014  -18.95253 0.000000
 -57.13014  -18.51927 0.000000
 -57.13014  -18.08601 0.000000
 -57.13014  -17.65275 0.000000
 -57.13014  -17.21948 0.000000
 -57.13014  -16.78622 0.000000
 -57.13014  -16.35296 35.607867
 -57.13014  -15.91970 34.220878
 -57.13014  -15.48644 29.588314
 -57.13014  -15.05317 4.000000
 -57.13014  -14.61991 0.000000
 -57.13014  -14.18665 91.808278
 -57.13014  -13.75339 175.237882
 -57.13014  -13.32012 0.406501
 -57.13014  -12.88686 0.000000
 -57.13014  -12.45360 0.000000
 -57.13014  -12.02034 0.000000
 -57.13014  -11.58708 0.000000
 -57.13014  -11.15381 0.000000
 -57.13014  -10.72055 0.000000
 -57.13014  -10.28729 0.000000
 -57.13014   -9.85403 0.000000
 -57.13014   -9.42077 0.000000
 -57.13014   -8.98750 0.000000
 -57.13014   -8.55424 0.000000
 -57.13014   -8.12098 0.000000
 -57.13014   -7.68772 0.000000
 -57.13014   -7.25445 0.000000
 -57.13014   -6.82119 0.000000
 -57.13014   -6.38793 0.000000
 -57.13014   -5.95467 0.000000
 -57.13014   -5.52141 0.000000
 -57.13014   -5.08814 0.000000
 -57.13014   -4.65488 0.000000
 -57.13014   -4.22162 0.000000
 -57.13014   -3.78836 0.000000
 -57.13014   -3.35510 0.000000
 -56.76534  -24.58494 0.000000
 -56.76534  -24.15168 0.000000
 -56.76534  -23.71842 0.000000
 -56.76534  -23.28515 0.000000
 -56.76534  -22.85189 0.000000
 -56.76534  -22.41863 19.272916
 -56.76534  -21.98537 35.465044
 -56.76534  -21.55211 28.262039
 -56.76534  -21.11884 22.000000
 -56.76534  -20.68558 23.136807
 -56.76534  -20.25232 5.347901
 -56.76534  -19.81906 0.000000
 -56.76534  -19.38579 0.000000
 -56.76534  -18.95253 0.000000
 -56.76534  -18.51927 0.000000
 -56.76534  -18.08601 0.000000
 -56.76534  -17.65275 0.000000
 -56.76534  -17.21948 0.000000
 -56.76534  -16.78622 0.000000
 -56.76534  -16.35296 15.259679
 -56.76534  -15.91970 15.744632
 -56.76534  -15.48644 31.387823
 -56.76534  -15.05317 25.810546
 -56.76534  -14.61991 29.428916
 -56.76534  -14.18665 66.086183
 -56.76534  -13.75339 137.161695
 -56.76534  -13.32012 61.824829
 -56.76534  -12.88686 82.258235
 -56.76534  -12.45360 0.000000
 -56.76534  -12.02034 0.000000
 -56.76534  -11.58708 0.000000
 -56.76534  -11.15381 0.000000
 -56.76534  -10.72055 0.000000
 -56.76534  -10.28729 0.000000
 -56.76534   -9.85403 0.000000
 -56.76534   -9.42077 0.000000
 -56.76534   -8.98750 0.000000
 -56.76534   -8.55424 0.000000
 -56.76534   -8.12098 0.000000
 -56.76534   -7.68772 0.000000
 -56.76534   -7.25445 0.000000
 -56.76534   -6.82119 0.000000
 -56.76534   -6.38793 0.000000
 -56.76534   -5.95467 0.000000
 -56.76534   -5.52141 0.000000
 -56.76534   -5.08814 0.000000
 -56.76534   -4.65488 0.000000
 -56.76534   -4.22162 0.000000
 -56.76534   -3.78836 0.000000
 -56.76534   -3.35510 0.000000
 -56.40054  -24.58494 0.000000
 -56.40054  -24.15168 0.000000
 -56.40054  -23.71842 0.000000
 -56.40054  -23.28515 0.000000
 -56.40054  -22.85189 0.000000
 -56.40054  -22.41863 24.000000
 -56.40054  -21.98537 51.421453
 -56.40054  -21.55211 27.292139
 -56.40054  -21.11884 13.834165
 -56.40054  -20.68558 50.811063
 -56.40054  -20.25232 11.652099
 -56.40054  -19.81906 0.000000
 -56.40054  -19.38579 0.000000
 -56.40054  -18.95253 0.000000
 -56.40054  -18.51927 0.000000
 -56.40054  -18.08601 0.000000
 -56.40054  -17.65275 0.000000
 -56.40054  -17.21948 0.000000
 -56.40054  -16.78622 0.000000
 -56.40054  -16.35296 0.000000
 -56.40054  -15.91970 9.000000
 -56.40054  -15.48644 11.000000
 -56.40054  -15.05317 7.000000
 -56.40054  -14.61991 39.537311
 -56.40054  -14.18665 57.014508
 -56.40054  -13.75339 53.032194
 -56.40054  -13.32012 70.255422
 -56.40054  -12.88686 167.094569
 -56.40054  -12.45360 155.418171
 -56.40054  -12.02034 0.000000
 -56.40054  -11.58708 0.000000
 -56.40054  -11.15381 0.000000
 -56.40054  -10.72055 0.000000
 -56.40054  -10.28729 0.000000
 -56.40054   -9.85403 0.000000
 -56.40054   -9.42077 0.000000
 -56.40054   -8.98750 0.000000
 -56.40054   -8.55424 0.000000
 -56.40054   -8.12098 0.000000
 -56.40054   -7.68772 0.000000
 -56.40054   -7.25445 0.000000
 -56.40054   -6.82119 0.000000
 -56.40054   -6.38793 0.000000
 -56.40054   -5.95467 0.000000
 -56.40054   -5.52141 0.000000
 -56.40054   -5.08814 0.000000
 -56.40054   -4.65488 0.000000
 -56.40054   -4.22162 0.000000
 -56.40054   -3.78836 0.000000
 -56.40054   -3.35510 0.000000
 -56.03573  -24.58494 0.000000
 -56.03573  -24.15168 0.000000
 -56.03573  -23.71842 0.000000
 -56.03573  -23.28515 0.000000
 -56.03573  -22.85189 0.000000
 -56.03573  -22.41863 12.000000
 -56.03573  -21.98537 27.411547
 -56.03573  -21.55211 19.457441
 -56.03573  -21.11884 34.445806
 -56.03573  -20.68558 21.571039
 -56.03573  -20.25232 0.000000
 -56.03573  -19.81906 0.000000
 -56.03573  -19.38579 0.000000
 -56.03573  -18.95253 0.000000
 -56.03573  -18.51927 0.000000
 -56.03573  -18.08601 0.000000
 -56.03573  -17.65275 0.000000
 -56.03573  -17.21948 0.000000
 -56.03573  -16.78622 0.000000
 -56.03573  -16.35296 5.000000
 -56.03573  -15.91970 14.000000
 -56.03573  -15.48644 27.000000
 -56.03573  -15.05317 25.000000
 -56.03573  -14.61991 54.799279
 -56.03573  -14.18665 155.106478
 -56.03573  -13.75339 75.645573
 -56.03573  -13.32012 54.232297
 -56.03573  -12.88686 79.232893
 -56.03573  -12.45360 33.433300
 -56.03573  -12.02034 0.000000
 -56.03573  -11.58708 0.000000
 -56.03573  -11.15381 0.000000
 -56.03573  -10.72055 0.000000
 -56.03573  -10.28729 0.000000
 -56.03573   -9.85403 0.000000
 -56.03573   -9.42077 0.000000
 -56.03573   -8.98750 0.000000
 -56.03573   -8.55424 0.000000
 -56.03573   -8.12098 0.000000
 -56.03573   -7.68772 0.000000
 -56.03573   -7.25445 0.000000
 -56.03573   -6.82119 0.000000
 -56.03573   -6.38793 0.000000
 -56.03573   -5.95467 0.000000
 -56.03573   -5.52141 0.000000
 -56.03573   -5.08814 0.000000
 -56.03573   -4.65488 0.000000
 -56.03573   -4.22162 0.000000
 -56.03573   -3.78836 0.000000
 -56.03573   -3.35510 0.000000
 -55.67093  -24.58494 0.000000
 -55.67093  -24.15168 0.000000
 -55.67093  -23.71842 0.000000
 -55.67093  -23.28515 0.000000
 -55.67093  -22.85189 0.000000
 -55.67093  -22.41863 13.000000
 -55.67093  -21.98537 9.202234
 -55.67093  -21.55211 5.544241
 -55.67093  -21.11884 9.618540
 -55.67093  -20.68558 25.400525
 -55.67093  -20.25232 35.552373
 -55.67093  -19.81906 2.165233
 -55.67093  -19.38579 0.000000
 -55.67093  -18.95253 0.000000
 -55.67093  -18.51927 0.000000
 -55.67093  -18.08601 0.000000
 -55.67093  -17.65275 0.000000
 -55.67093  -17.21948 0.000000
 -55.67093  -16.78622 2.000000
 -55.67093  -16.35296 6.000000
 -55.67093  -15.91970 32.160536
 -55.67093  -15.48644 50.839464
 -55.67093  -15.05317 43.897253
 -55.67093  -14.61991 53.849101
 -55.67093  -14.18665 121.690345
 -55.67093  -13.75339 152.787611
 -55.67093  -13.32012 84.733335
 -55.67093  -12.88686 23.846197
 -55.67093  -12.45360 29.000000
 -55.67093  -12.02034 0.000000
 -55.67093  -11.58708 0.000000
 -55.67093  -11.15381 0.000000
 -55.67093  -10.72055 0.000000
 -55.67093  -10.28729 0.000000
 -55.67093   -9.85403 0.000000
 -55.67093   -9.42077 0.000000
 -55.67093   -8.98750 0.000000
 -55.67093   -8.55424 0.000000
 -55.67093   -8.12098 0.000000
 -55.67093   -7.68772 0.000000
 -55.67093   -7.25445 0.000000
 -55.67093   -6.82119 0.000000
 -55.67093   -6.38793 0.000000
 -55.67093   -5.95467 0.000000
 -55.67093   -5.52141 0.000000
 -55.67093   -5.08814 0.000000
 -55.67093   -4.65488 0.000000
 -55.67093   -4.22162 0.000000
 -55.67093   -3.78836 0.000000
 -55.67093   -3.35510 0.000000
 -55.30612  -24.58494 0.000000
 -55.30612  -24.15168 0.000000
 -55.30612  -23.71842 0.000000
 -55.30612  -23.28515 0.000000
 -55.30612  -22.85189 0.000000
 -55.30612  -22.41863 6.000000
 -55.30612  -21.98537 6.797766
 -55.30612  -21.55211 4.455759
 -55.30612  -21.11884 11.859675
 -55.30612  -20.68558 22.549749
 -55.30612  -20.25232 23.482566
 -55.30612  -19.81906 67.849406
 -55.30612  -19.38579 21.861833
 -55.30612  -18.95253 13.000000
 -55.30612  -18.51927 4.000000
 -55.30612  -18.08601 2.000000
 -55.30612  -17.65275 10.000000
 -55.30612  -17.21948 5.238955
 -55.30612  -16.78622 22.289068
 -55.30612  -16.35296 58.992266
 -55.30612  -15.91970 22.732652
 -55.30612  -15.48644 19.099404
 -55.30612  -15.05317 47.321739
 -55.30612  -14.61991 65.069245
 -55.30612  -14.18665 68.938950
 -55.30612  -13.75339 157.934785
 -55.30612  -13.32012 187.417180
 -55.30612  -12.88686 0.708078
 -55.30612  -12.45360 0.000000
 -55.30612  -12.02034 0.000000
 -55.30612  -11.58708 0.000000
 -55.30612  -11.15381 0.000000
 -55.30612  -10.72055 0.000000
 -55.30612  -10.28729 0.000000
 -55.30612   -9.85403 0.000000
 -55.30612   -9.42077 0.000000
 -55.30612   -8.98750 0.000000
 -55.30612   -8.55424 0.000000
 -55.30612   -8.12098 0.000000
 -55.30612   -7.68772 0.000000
 -55.30612   -7.25445 0.000000
 -55.30612   -6.82119 0.000000
 -55.30612   -6.38793 0.000000
 -55.30612   -5.95467 0.000000
 -55.30612   -5.52141 0.000000
 -55.30612   -5.08814 0.000000
 -55.30612   -4.65488 0.000000
 -55.30612   -4.22162 0.000000
 -55.30612   -3.78836 0.000000
 -55.30612   -3.35510 0.000000
 -54.94132  -24.58494 0.000000
 -54.94132  -24.15168 0.000000
 -54.94132  -23.71842 0.000000
 -54.94132  -23.28515 0.000000
 -54.94132  -22.85189 0.000000
 -54.94132  -22.41863 1.000000
 -54.94132  -21.98537 5.000000
 -54.94132  -21.55211 1.000000
 -54.94132  -21.11884 3.030695
 -54.94132  -20.68558 7.000000
 -54.94132  -20.25232 47.220385
 -54.94132  -19.81906 30.721191
 -54.94132  -19.38579 29.781031
 -54.94132  -18.95253 26.593858
 -54.94132  -18.51927 36.002697
 -54.94132  -18.08601 22.559647
 -54.94132  -17.65275 15.953833
 -54.94132  -17.21948 15.449439
 -54.94132  -16.78622 12.022353
 -54.94132  -16.35296 35.431833
 -54.94132  -15.91970 26.478819
 -54.94132  -15.48644 92.588465
 -54.94132  -15.05317 43.674576
 -54.94132  -14.61991 75.026037
 -54.94132  -14.18665 71.723363
 -54.94132  -13.75339 103.334182
 -54.94132  -13.32012 55.667608
 -54.94132  -12.88686 59.522064
 -54.94132  -12.45360 0.000000
 -54.94132  -12.02034 0.000000
 -54.94132  -11.58708 0.000000
 -54.94132  -11.15381 0.000000
 -54.94132  -10.72055 0.000000
 -54.94132  -10.28729 0.000000
 -54.94132   -9.85403 0.000000
 -54.94132   -9.42077 0.000000
 -54.94132   -8.98750 0.000000
 -54.94132   -8.55424 0.000000
 -54.94132   -8.12098 0.000000
 -54.94132   -7.68772 0.000000
 -54.94132   -7.25445 0.000000
 -54.94132   -6.82119 0.000000
 -54.94132   -6.38793 0.000000
 -54.94132   -5.95467 0.000000
 -54.94132   -5.52141 0.000000
 -54.94132   -5.08814 0.000000
 -54.94132   -4.65488 0.000000
 -54.94132   -4.22162 0.000000
 -54.94132   -3.78836 0.000000
 -54.94132   -3.35510 0.000000
 -54.57652  -24.58494 0.000000
 -54.57652  -24.15168 0.000000
 -54.57652  -23.71842 0.000000
 -54.57652  -23.28515 0.000000
 -54.57652  -22.85189 0.000000
 -54.57652  -22.41863 0.000000
 -54.57652  -21.98537 5.000000
 -54.57652  -21.55211 17.320839
 -54.57652  -21.11884 10.865552
 -54.57652  -20.68558 17.060010
 -54.57652  -20.25232 57.791924
 -54.57652  -19.81906 32.380766
 -54.57652  -19.38579 22.773365
 -54.57652  -18.95253 45.423282
 -54.57652  -18.51927 67.787754
 -54.57652  -18.08601 34.986345
 -54.57652  -17.65275 32.046167
 -54.57652  -17.21948 27.710147
 -54.57652  -16.78622 6.289853
 -54.57652  -16.35296 11.843434
 -54.57652  -15.91970 29.186283
 -54.57652  -15.48644 32.486515
 -54.57652  -15.05317 101.124253
 -54.57652  -14.61991 111.725283
 -54.57652  -14.18665 61.890785
 -54.57652  -13.75339 29.859542
 -54.57652  -13.32012 7.404765
 -54.57652  -12.88686 0.000000
 -54.57652  -12.45360 0.000000
 -54.57652  -12.02034 0.000000
 -54.57652  -11.58708 0.000000
 -54.57652  -11.15381 0.000000
 -54.57652  -10.72055 0.000000
 -54.57652  -10.28729 0.000000
 -54.57652   -9.85403 0.000000
 -54.57652   -9.42077 0.000000
 -54.57652   -8.98750 0.000000
 -54.57652   -8.55424 0.000000
 -54.57652   -8.12098 0.000000
 -54.57652   -7.68772 0.000000
 -54.57652   -7.25445 0.000000
 -54.57652   -6.82119 0.000000
 -54.57652   -6.38793 0.000000
 -54.57652   -5.95467 0.000000
 -54.57652   -5.52141 0.000000
 -54.57652   -5.08814 0.000000
 -54.57652   -4.65488 0.000000
 -54.57652   -4.22162 0.000000
 -54.57652   -3.78836 0.000000
 -54.57652   -3.35510 0.000000
 -54.21171  -24.58494 0.000000
 -54.21171  -24.15168 0.000000
 -54.21171  -23.71842 0.000000
 -54.21171  -23.28515 0.000000
 -54.21171  -22.85189 0.000000
 -54.21171  -22.41863 0.000000
 -54.21171  -21.98537 9.290711
 -54.21171  -21.55211 47.083108
 -54.21171  -21.11884 43.802877
 -54.21171  -20.68558 9.198405
 -54.21171  -20.25232 9.123730
 -54.21171  -19.81906 18.011575
 -54.21171  -19.38579 39.674217
 -54.21171  -18.95253 72.304050
 -54.21171  -18.51927 57.808669
 -54.21171  -18.08601 28.136947
 -54.21171  -17.65275 15.653577
 -54.21171  -17.21948 38.021388
 -54.21171  -16.78622 7.000000
 -54.21171  -16.35296 13.000000
 -54.21171  -15.91970 81.137796
 -54.21171  -15.48644 38.018122
 -54.21171  -15.05317 87.663383
 -54.21171  -14.61991 66.975605
 -54.21171  -14.18665 46.387615
 -54.21171  -13.75339 34.076439
 -54.21171  -13.32012 0.000000
 -54.21171  -12.88686 0.000000
 -54.21171  -12.45360 0.000000
 -54.21171  -12.02034 0.000000
 -54.21171  -11.58708 0.000000
 -54.21171  -11.15381 0.000000
 -54.21171  -10.72055 0.000000
 -54.21171  -10.28729 0.000000
 -54.21171   -9.85403 0.000000
 -54.21171   -9.42077 0.000000
 -54.21171   -8.98750 0.000000
 -54.21171   -8.55424 0.000000
 -54.21171   -8.12098 0.000000
 -54.21171   -7.68772 0.000000
 -54.21171   -7.25445 0.000000
 -54.21171   -6.82119 0.000000
 -54.21171   -6.38793 0.000000
 -54.21171   -5.95467 0.000000
 -54.21171   -5.52141 0.000000
 -54.21171   -5.08814 0.000000
 -54.21171   -4.65488 0.000000
 -54.21171   -4.22162 0.000000
 -54.21171   -3.78836 0.000000
 -54.21171   -3.35510 0.000000
 -53.84691  -24.58494 0.000000
 -53.84691  -24.15168 0.000000
 -53.84691  -23.71842 0.000000
 -53.84691  -23.28515 0.000000
 -53.84691  -22.85189 0.000000
 -53.84691  -22.41863 2.000000
 -53.84691  -21.98537 25.790607
 -53.84691  -21.55211 50.540626
 -53.84691  -21.11884 32.789073
 -53.84691  -20.68558 13.702182
 -53.84691  -20.25232 10.876270
 -53.84691  -19.81906 21.200144
 -53.84691  -19.38579 41.216926
 -53.84691  -18.95253 68.716953
 -53.84691  -18.51927 32.481944
 -53.84691  -18.08601 34.057583
 -53.84691  -17.65275 64.437384
 -53.84691  -17.21948 51.763399
 -53.84691  -16.78622 42.211515
 -53.84691  -16.35296 36.186574
 -53.84691  -15.91970 59.826470
 -53.84691  -15.48644 34.153012
 -53.84691  -15.05317 42.975577
 -53.84691  -14.61991 46.947122
 -53.84691  -14.18665 67.065892
 -53.84691  -13.75339 48.810133
 -53.84691  -13.32012 0.000000
 -53.84691  -12.88686 0.000000
 -53.84691  -12.45360 0.000000
 -53.84691  -12.02034 0.000000
 -53.84691  -11.58708 0.000000
 -53.84691  -11.15381 0.000000
 -53.84691  -10.72055 0.000000
 -53.84691  -10.28729 0.000000
 -53.84691   -9.85403 0.000000
 -53.84691   -9.42077 0.000000
 -53.84691   -8.98750 0.000000
 -53.84691   -8.55424 0.000000
 -53.84691   -8.12098 0.000000
 -53.84691   -7.68772 0.000000
 -53.84691   -7.25445 0.000000
 -53.84691   -6.82119 0.000000
 -53.84691   -6.38793 0.000000
 -53.84691   -5.95467 0.000000
 -53.84691   -5.52141 0.000000
 -53.84691   -5.08814 0.000000
 -53.84691   -4.65488 0.000000
 -53.84691   -4.22162 0.000000
 -53.84691   -3.78836 0.000000
 -53.84691   -3.35510 0.000000
 -53.48210  -24.58494 0.000000
 -53.48210  -24.15168 0.000000
 -53.48210  -23.71842 0.000000
 -53.48210  -23.28515 0.000000
 -53.48210  -22.85189 0.000000
 -53.48210  -22.41863 15.000000
 -53.48210  -21.98537 18.667483
 -53.48210  -21.55211 52.955170
 -53.48210  -21.11884 25.044649
 -53.48210  -20.68558 2.297818
 -53.48210  -20.25232 14.825774
 -53.48210  -19.81906 21.263339
 -53.48210  -19.38579 19.869951
 -53.48210  -18.95253 41.298450
 -53.48210  -18.51927 12.000000
 -53.48210  -18.08601 35.254455
 -53.48210  -17.65275 69.321968
 -53.48210  -17.21948 42.720934
 -53.48210  -16.78622 25.819797
 -53.48210  -16.35296 47.981245
 -53.48210  -15.91970 60.025316
 -53.48210  -15.48644 53.761954
 -53.48210  -15.05317 47.173842
 -53.48210  -14.61991 14.130639
 -53.48210  -14.18665 48.453784
 -53.48210  -13.75339 44.709526
 -53.48210  -13.32012 0.000000
 -53.48210  -12.88686 0.000000
 -53.48210  -12.45360 0.000000
 -53.48210  -12.02034 0.000000
 -53.48210  -11.58708 0.000000
 -53.48210  -11.15381 0.000000
 -53.48210  -10.72055 0.000000
 -53.48210  -10.28729 0.000000
 -53.48210   -9.85403 0.000000
 -53.48210   -9.42077 0.000000
 -53.48210   -8.98750 0.000000
 -53.48210   -8.55424 0.000000
 -53.48210   -8.12098 0.000000
 -53.48210   -7.68772 0.000000
 -53.48210   -7.25445 0.000000
 -53.48210   -6.82119 0.000000
 -53.48210   -6.38793 0.000000
 -53.48210   -5.95467 0.000000
 -53.48210   -5.52141 0.000000
 -53.48210   -5.08814 0.000000
 -53.48210   -4.65488 0.000000
 -53.48210   -4.22162 0.000000
 -53.48210   -3.78836 0.000000
 -53.48210   -3.35510 0.000000
 -53.11730  -24.58494 0.000000
 -53.11730  -24.15168 0.000000
 -53.11730  -23.71842 0.000000
 -53.11730  -23.28515 0.000000
 -53.11730  -22.85189 0.000000
 -53.11730  -22.41863 15.256316
 -53.11730  -21.98537 41.626259
 -53.11730  -21.55211 33.736490
 -53.11730  -21.11884 16.000000
 -53.11730  -20.68558 8.000000
 -53.11730  -20.25232 44.424029
 -53.11730  -19.81906 27.678747
 -53.11730  -19.38579 43.046400
 -53.11730  -18.95253 56.836807
 -53.11730  -18.51927 11.000000
 -53.11730  -18.08601 35.244177
 -53.11730  -17.65275 60.262623
 -53.11730  -17.21948 59.878843
 -53.11730  -16.78622 26.234030
 -53.11730  -16.35296 44.246201
 -53.11730  -15.91970 57.268731
 -53.11730  -15.48644 23.137692
 -53.11730  -15.05317 27.948695
 -53.11730  -14.61991 13.421925
 -53.11730  -14.18665 27.605982
 -53.11730  -13.75339 48.273806
 -53.11730  -13.32012 0.000000
 -53.11730  -12.88686 0.000000
 -53.11730  -12.45360 0.000000
 -53.11730  -12.02034 0.000000
 -53.11730  -11.58708 0.000000
 -53.11730  -11.15381 0.000000
 -53.11730  -10.72055 0.000000
 -53.11730  -10.28729 0.000000
 -53.11730   -9.85403 0.000000
 -53.11730   -9.42077 0.000000
 -53.11730   -8.98750 0.000000
 -53.11730   -8.55424 0.000000
 -53.11730   -8.12098 0.000000
 -53.11730   -7.68772 0.000000
 -53.11730   -7.25445 0.000000
 -53.11730   -6.82119 0.000000
 -53.11730   -6.38793 0.000000
 -53.11730   -5.95467 0.000000
 -53.11730   -5.52141 0.000000
 -53.11730   -5.08814 0.000000
 -53.11730   -4.65488 0.000000
 -53.11730   -4.22162 0.000000
 -53.11730   -3.78836 0.000000
 -53.11730   -3.35510 0.000000
 -52.75250  -24.58494 0.000000
 -52.75250  -24.15168 0.000000
 -52.75250  -23.71842 0.000000
 -52.75250  -23.28515 0.000000
 -52.75250  -22.85189 0.000000
 -52.75250  -22.41863 1.000000
 -52.75250  -21.98537 35.609851
 -52.75250  -21.55211 22.103602
 -52.75250  -21.11884 27.356236
 -52.75250  -20.68558 33.007309
 -52.75250  -20.25232 39.319148
 -52.75250  -19.81906 52.854037
 -52.75250  -19.38579 31.163600
 -52.75250  -18.95253 11.000000
 -52.75250  -18.51927 20.024945
 -52.75250  -18.08601 19.753290
 -52.75250  -17.65275 30.233622
 -52.75250  -17.21948 47.477905
 -52.75250  -16.78622 13.234888
 -52.75250  -16.35296 62.130360
 -52.75250  -15.91970 40.141208
 -52.75250  -15.48644 31.590100
 -52.75250  -15.05317 19.064272
 -52.75250  -14.61991 21.637439
 -52.75250  -14.18665 55.709023
 -52.75250  -13.75339 53.286041
 -52.75250  -13.32012 1.000000
 -52.75250  -12.88686 0.000000
 -52.75250  -12.45360 0.000000
 -52.75250  -12.02034 0.000000
 -52.75250  -11.58708 0.000000
 -52.75250  -11.15381 0.000000
 -52.75250  -10.72055 0.000000
 -52.75250  -10.28729 0.000000
 -52.75250   -9.85403 0.000000
 -52.75250   -9.42077 0.000000
 -52.75250   -8.98750 0.000000
 -52.75250   -8.55424 0.000000
 -52.75250   -8.12098 0.000000
 -52.75250   -7.68772 0.000000
 -52.75250   -7.25445 0.000000
 -52.75250   -6.82119 0.000000
 -52.75250   -6.38793 0.000000
 -52.75250   -5.95467 0.000000
 -52.75250   -5.52141 0.000000
 -52.75250   -5.08814 0.000000
 -52.75250   -4.65488 0.000000
 -52.75250   -4.22162 0.000000
 -52.75250   -3.78836 0.000000
 -52.75250   -3.35510 0.000000
 -52.38769  -24.58494 0.000000
 -52.38769  -24.15168 0.000000
 -52.38769  -23.71842 0.000000
 -52.38769  -23.28515 0.000000
 -52.38769  -22.85189 0.000000
 -52.38769  -22.41863 0.000000
 -52.38769  -21.98537 6.000000
 -52.38769  -21.55211 18.130055
 -52.38769  -21.11884 21.289115
 -52.38769  -20.68558 48.363441
 -52.38769  -20.25232 31.692236
 -52.38769  -19.81906 20.844645
 -52.38769  -19.38579 20.561978
 -52.38769  -18.95253 19.268321
 -52.38769  -18.51927 29.980197
 -52.38769  -18.08601 14.620345
 -52.38769  -17.65275 21.702773
 -52.38769  -17.21948 42.605798
 -52.38769  -16.78622 17.134440
 -52.38769  -16.35296 18.000000
 -52.38769  -15.91970 13.887023
 -52.38769  -15.48644 15.832761
 -52.38769  -15.05317 15.338278
 -52.38769  -14.61991 39.187603
 -52.38769  -14.18665 21.472431
 -52.38769  -13.75339 16.638528
 -52.38769  -13.32012 0.000000
 -52.38769  -12.88686 0.000000
 -52.38769  -12.45360 0.000000
 -52.38769  -12.02034 0.000000
 -52.38769  -11.58708 0.000000
 -52.38769  -11.15381 0.000000
 -52.38769  -10.72055 0.000000
 -52.38769  -10.28729 0.000000
 -52.38769   -9.85403 0.000000
 -52.38769   -9.42077 0.000000
 -52.38769   -8.98750 0.000000
 -52.38769   -8.55424 0.000000
 -52.38769   -8.12098 0.000000
 -52.38769   -7.68772 0.000000
 -52.38769   -7.25445 0.000000
 -52.38769   -6.82119 0.000000
 -52.38769   -6.38793 0.000000
 -52.38769   -5.95467 0.000000
 -52.38769   -5.52141 0.000000
 -52.38769   -5.08814 0.000000
 -52.38769   -4.65488 0.000000
 -52.38769   -4.22162 0.000000
 -52.38769   -3.78836 0.000000
 -52.38769   -3.35510 0.000000
 -52.02289  -24.58494 0.000000
 -52.02289  -24.15168 0.000000
 -52.02289  -23.71842 0.000000
 -52.02289  -23.28515 0.000000
 -52.02289  -22.85189 0.000000
 -52.02289  -22.41863 0.000000
 -52.02289  -21.98537 0.000000
 -52.02289  -21.55211 3.000000
 -52.02289  -21.11884 12.263835
 -52.02289  -20.68558 40.839927
 -52.02289  -20.25232 47.354919
 -52.02289  -19.81906 10.000000
 -52.02289  -19.38579 15.115966
 -52.02289  -18.95253 39.731679
 -52.02289  -18.51927 40.802671
 -52.02289  -18.08601 37.988217
 -52.02289  -17.65275 31.704818
 -52.02289  -17.21948 31.107554
 -52.02289  -16.78622 29.142001
 -52.02289  -16.35296 19.934599
 -52.02289  -15.91970 65.869567
 -52.02289  -15.48644 46.130451
 -52.02289  -15.05317 9.173887
 -52.02289  -14.61991 9.643506
 -52.02289  -14.18665 18.000000
 -52.02289  -13.75339 10.633033
 -52.02289  -13.32012 20.833656
 -52.02289  -12.88686 18.188010
 -52.02289  -12.45360 0.000000
 -52.02289  -12.02034 11.016885
 -52.02289  -11.58708 0.000000
 -52.02289  -11.15381 39.243991
 -52.02289  -10.72055 0.000000
 -52.02289  -10.28729 0.000000
 -52.02289   -9.85403 0.000000
 -52.02289   -9.42077 0.000000
 -52.02289   -8.98750 0.000000
 -52.02289   -8.55424 0.000000
 -52.02289   -8.12098 0.000000
 -52.02289   -7.68772 0.000000
 -52.02289   -7.25445 0.000000
 -52.02289   -6.82119 0.000000
 -52.02289   -6.38793 0.000000
 -52.02289   -5.95467 0.000000
 -52.02289   -5.52141 0.000000
 -52.02289   -5.08814 0.000000
 -52.02289   -4.65488 0.000000
 -52.02289   -4.22162 0.000000
 -52.02289   -3.78836 0.000000
 -52.02289   -3.35510 0.000000
 -51.65808  -24.58494 0.000000
 -51.65808  -24.15168 0.000000
 -51.65808  -23.71842 0.000000
 -51.65808  -23.28515 0.000000
 -51.65808  -22.85189 0.000000
 -51.65808  -22.41863 0.000000
 -51.65808  -21.98537 0.000000
 -51.65808  -21.55211 0.000000
 -51.65808  -21.11884 0.000000
 -51.65808  -20.68558 10.225857
 -51.65808  -20.25232 35.367128
 -51.65808  -19.81906 6.000000
 -51.65808  -19.38579 8.588123
 -51.65808  -18.95253 42.000000
 -51.65808  -18.51927 30.696657
 -51.65808  -18.08601 74.527034
 -51.65808  -17.65275 16.685625
 -51.65808  -17.21948 30.107091
 -51.65808  -16.78622 33.052017
 -51.65808  -16.35296 20.897431
 -51.65808  -15.91970 19.178360
 -51.65808  -15.48644 41.089487
 -51.65808  -15.05317 33.288764
 -51.65808  -14.61991 24.639149
 -51.65808  -14.18665 44.280261
 -51.65808  -13.75339 15.132580
 -51.65808  -13.32012 26.919319
 -51.65808  -12.88686 58.141560
 -51.65808  -12.45360 79.191370
 -51.65808  -12.02034 87.322981
 -51.65808  -11.58708 15.982186
 -51.65808  -11.15381 6.773823
 -51.65808  -10.72055 0.000000
 -51.65808  -10.28729 3.920061
 -51.65808   -9.85403 0.000000
 -51.65808   -9.42077 0.000000
 -51.65808   -8.98750 0.000000
 -51.65808   -8.55424 0.000000
 -51.65808   -8.12098 0.000000
 -51.65808   -7.68772 0.000000
 -51.65808   -7.25445 0.000000
 -51.65808   -6.82119 0.000000
 -51.65808   -6.38793 0.000000
 -51.65808   -5.95467 0.000000
 -51.65808   -5.52141 0.000000
 -51.65808   -5.08814 0.000000
 -51.65808   -4.65488 0.000000
 -51.65808   -4.22162 0.000000
 -51.65808   -3.78836 0.000000
 -51.65808   -3.35510 0.000000
 -51.29328  -24.58494 0.000000
 -51.29328  -24.15168 0.000000
 -51.29328  -23.71842 0.000000
 -51.29328  -23.28515 0.000000
 -51.29328  -22.85189 15.000000
 -51.29328  -22.41863 16.000000
 -51.29328  -21.98537 0.000000
 -51.29328  -21.55211 0.000000
 -51.29328  -21.11884 0.000000
 -51.29328  -20.68558 0.000000
 -51.29328  -20.25232 3.877121
 -51.29328  -19.81906 6.000000
 -51.29328  -19.38579 5.411877
 -51.29328  -18.95253 9.000000
 -51.29328  -18.51927 23.000000
 -51.29328  -18.08601 12.097324
 -51.29328  -17.65275 19.000000
 -51.29328  -17.21948 13.978192
 -51.29328  -16.78622 7.939241
 -51.29328  -16.35296 20.000000
 -51.29328  -15.91970 14.249398
 -51.29328  -15.48644 25.342983
 -51.29328  -15.05317 42.278118
 -51.29328  -14.61991 51.336879
 -51.29328  -14.18665 46.946684
 -51.29328  -13.75339 23.957271
 -51.29328  -13.32012 7.002474
 -51.29328  -12.88686 22.388374
 -51.29328  -12.45360 60.135039
 -51.29328  -12.02034 48.660134
 -51.29328  -11.58708 5.000000
 -51.29328  -11.15381 2.000000
 -51.29328  -10.72055 40.926473
 -51.29328  -10.28729 21.070427
 -51.29328   -9.85403 0.000000
 -51.29328   -9.42077 0.000000
 -51.29328   -8.98750 0.000000
 -51.29328   -8.55424 0.000000
 -51.29328   -8.12098 0.000000
 -51.29328   -7.68772 0.000000
 -51.29328   -7.25445 0.000000
 -51.29328   -6.82119 0.000000
 -51.29328   -6.38793 0.000000
 -51.29328   -5.95467 0.000000
 -51.29328   -5.52141 0.000000
 -51.29328   -5.08814 0.000000
 -51.29328   -4.65488 0.000000
 -51.29328   -4.22162 0.000000
 -51.29328   -3.78836 0.000000
 -51.29328   -3.35510 0.000000
 -50.92848  -24.58494 0.000000
 -50.92848  -24.15168 0.000000
 -50.92848  -23.71842 0.000000
 -50.92848  -23.28515 0.000000
 -50.92848  -22.85189 2.000000
 -50.92848  -22.41863 0.000000
 -50.92848  -21.98537 0.000000
 -50.92848  -21.55211 0.000000
 -50.92848  -21.11884 0.000000
 -50.92848  -20.68558 0.000000
 -50.92848  -20.25232 0.000000
 -50.92848  -19.81906 0.000000
 -50.92848  -19.38579 2.000000
 -50.92848  -18.95253 3.000000
 -50.92848  -18.51927 4.000000
 -50.92848  -18.08601 7.101183
 -50.92848  -17.65275 25.000000
 -50.92848  -17.21948 15.750796
 -50.92848  -16.78622 25.073968
 -50.92848  -16.35296 16.760902
 -50.92848  -15.91970 17.124462
 -50.92848  -15.48644 13.694431
 -50.92848  -15.05317 21.625942
 -50.92848  -14.61991 35.625916
 -50.92848  -14.18665 95.864968
 -50.92848  -13.75339 53.763459
 -50.92848  -13.32012 21.740830
 -50.92848  -12.88686 3.984216
 -50.92848  -12.45360 1.055640
 -50.92848  -12.02034 5.000000
 -50.92848  -11.58708 5.000000
 -50.92848  -11.15381 3.000000
 -50.92848  -10.72055 44.208880
 -50.92848  -10.28729 1.000000
 -50.92848   -9.85403 0.000000
 -50.92848   -9.42077 0.000000
 -50.92848   -8.98750 0.000000
 -50.92848   -8.55424 0.000000
 -50.92848   -8.12098 0.000000
 -50.92848   -7.68772 0.000000
 -50.92848   -7.25445 0.000000
 -50.92848   -6.82119 0.000000
 -50.92848   -6.38793 0.000000
 -50.92848   -5.95467 0.000000
 -50.92848   -5.52141 0.000000
 -50.92848   -5.08814 0.000000
 -50.92848   -4.65488 0.000000
 -50.92848   -4.22162 0.000000
 -50.92848   -3.78836 0.000000
 -50.92848   -3.35510 0.000000
 -50.56367  -24.58494 5.000000
 -50.56367  -24.15168 0.000000
 -50.56367  -23.71842 0.000000
 -50.56367  -23.28515 0.000000
 -50.56367  -22.85189 9.000000
 -50.56367  -22.41863 1.000000
 -50.56367  -21.98537 0.000000
 -50.56367  -21.55211 0.000000
 -50.56367  -21.11884 0.000000
 -50.56367  -20.68558 2.000000
 -50.56367  -20.25232 0.000000
 -50.56367  -19.81906 1.000000
 -50.56367  -19.38579 2.000000
 -50.56367  -18.95253 0.000000
 -50.56367  -18.51927 1.000000
 -50.56367  -18.08601 2.000000
 -50.56367  -17.65275 5.000000
 -50.56367  -17.21948 7.000000
 -50.56367  -16.78622 5.000000
 -50.56367  -16.35296 6.000000
 -50.56367  -15.91970 6.285102
 -50.56367  -15.48644 17.862128
 -50.56367  -15.05317 59.665282
 -50.56367  -14.61991 79.280090
 -50.56367  -14.18665 27.545934
 -50.56367  -13.75339 70.201119
 -50.56367  -13.32012 46.984941
 -50.56367  -12.88686 17.065416
 -50.56367  -12.45360 3.000000
 -50.56367  -12.02034 0.000000
 -50.56367  -11.58708 0.000000
 -50.56367  -11.15381 0.000000
 -50.56367  -10.72055 0.874160
 -50.56367  -10.28729 0.000000
 -50.56367   -9.85403 0.000000
 -50.56367   -9.42077 0.000000
 -50.56367   -8.98750 0.000000
 -50.56367   -8.55424 0.000000
 -50.56367   -8.12098 0.000000
 -50.56367   -7.68772 0.000000
 -50.56367   -7.25445 0.000000
 -50.56367   -6.82119 0.000000
 -50.56367   -6.38793 0.000000
 -50.56367   -5.95467 0.000000
 -50.56367   -5.52141 0.000000
 -50.56367   -5.08814 0.000000
 -50.56367   -4.65488 0.000000
 -50.56367   -4.22162 0.000000
 -50.56367   -3.78836 0.000000
 -50.56367   -3.35510 0.000000
 -50.19887  -24.58494 1.000000
 -50.19887  -24.15168 0.000000
 -50.19887  -23.71842 0.000000
 -50.19887  -23.28515 0.000000
 -50.19887  -22.85189 2.000000
 -50.19887  -22.41863 0.000000
 -50.19887  -21.98537 0.000000
 -50.19887  -21.55211 0.000000
 -50.19887  -21.11884 0.000000
 -50.19887  -20.68558 0.000000
 -50.19887  -20.25232 0.000000
 -50.19887  -19.81906 7.000000
 -50.19887  -19.38579 7.000000
 -50.19887  -18.95253 1.000000
 -50.19887  -18.51927 6.000000
 -50.19887  -18.08601 2.000000
 -50.19887  -17.65275 9.000000
 -50.19887  -17.21948 12.000000
 -50.19887  -16.78622 9.701521
 -50.19887  -16.35296 16.298479
 -50.19887  -15.91970 10.055825
 -50.19887  -15.48644 1.000000
 -50.19887  -15.05317 18.925732
 -50.19887  -14.61991 52.473997
 -50.19887  -14.18665 106.234490
 -50.19887  -13.75339 28.712158
 -50.19887  -13.32012 49.251266
 -50.19887  -12.88686 38.196926
 -50.19887  -12.45360 15.000000
 -50.19887  -12.02034 15.000000
 -50.19887  -11.58708 7.463755
 -50.19887  -11.15381 5.920183
 -50.19887  -10.72055 8.545178
 -50.19887  -10.28729 12.850847
 -50.19887   -9.85403 28.897944
 -50.19887   -9.42077 20.678141
 -50.19887   -8.98750 0.000000
 -50.19887   -8.55424 0.000000
 -50.19887   -8.12098 0.000000
 -50.19887   -7.68772 0.000000
 -50.19887   -7.25445 0.000000
 -50.19887   -6.82119 0.000000
 -50.19887   -6.38793 0.000000
 -50.19887   -5.95467 0.000000
 -50.19887   -5.52141 0.000000
 -50.19887   -5.08814 0.000000
 -50.19887   -4.65488 0.000000
 -50.19887   -4.22162 0.000000
 -50.19887   -3.78836 0.000000
 -50.19887   -3.35510 0.000000
 -49.83406  -24.58494 1.000000
 -49.83406  -24.15168 1.000000
 -49.83406  -23.71842 0.000000
 -49.83406  -23.28515 0.000000
 -49.83406  -22.85189 6.000000
 -49.83406  -22.41863 0.000000
 -49.83406  -21.98537 0.000000
 -49.83406  -21.55211 0.000000
 -49.83406  -21.11884 0.000000
 -49.83406  -20.68558 4.000000
 -49.83406  -20.25232 0.000000
 -49.83406  -19.81906 9.778450
 -49.83406  -19.38579 8.221550
 -49.83406  -18.95253 1.000000
 -49.83406  -18.51927 0.000000
 -49.83406  -18.08601 6.000000
 -49.83406  -17.65275 6.000000
 -49.83406  -17.21948 10.636659
 -49.83406  -16.78622 11.572035
 -49.83406  -16.35296 13.427965
 -49.83406  -15.91970 3.000000
 -49.83406  -15.48644 7.000000
 -49.83406  -15.05317 19.107291
 -49.83406  -14.61991 64.936280
 -49.83406  -14.18665 119.809106
 -49.83406  -13.75339 56.423991
 -49.83406  -13.32012 46.000000
 -49.83406  -12.88686 43.850711
 -49.83406  -12.45360 34.000000
 -49.83406  -12.02034 13.000000
 -49.83406  -11.58708 44.281865
 -49.83406  -11.15381 38.004134
 -49.83406  -10.72055 40.487370
 -49.83406  -10.28729 36.595537
 -49.83406   -9.85403 64.232941
 -49.83406   -9.42077 65.162841
 -49.83406   -8.98750 12.730903
 -49.83406   -8.55424 0.000000
 -49.83406   -8.12098 0.000000
 -49.83406   -7.68772 0.000000
 -49.83406   -7.25445 0.000000
 -49.83406   -6.82119 0.000000
 -49.83406   -6.38793 0.000000
 -49.83406   -5.95467 0.000000
 -49.83406   -5.52141 0.000000
 -49.83406   -5.08814 0.000000
 -49.83406   -4.65488 0.000000
 -49.83406   -4.22162 0.000000
 -49.83406   -3.78836 0.000000
 -49.83406   -3.35510 0.000000
 -49.46926  -24.58494 4.000000
 -49.46926  -24.15168 6.252697
 -49.46926  -23.71842 10.747303
 -49.46926  -23.28515 5.000000
 -49.46926  -22.85189 22.797305
 -49.46926  -22.41863 9.000000
 -49.46926  -21.98537 1.000000
 -49.46926  -21.55211 0.000000
 -49.46926  -21.11884 2.000000
 -49.46926  -20.68558 8.988882
 -49.46926  -20.25232 2.000000
 -49.46926  -19.81906 7.000000
 -49.46926  -19.38579 14.000000
 -49.46926  -18.95253 1.000000
 -49.46926  -18.51927 2.000000
 -49.46926  -18.08601 5.000000
 -49.46926  -17.65275 12.000000
 -49.46926  -17.21948 7.363341
 -49.46926  -16.78622 6.000000
 -49.46926  -16.35296 0.000000
 -49.46926  -15.91970 12.000000
 -49.46926  -15.48644 20.785358
 -49.46926  -15.05317 33.914261
 -49.46926  -14.61991 15.134597
 -49.46926  -14.18665 67.594144
 -49.46926  -13.75339 60.915782
 -49.46926  -13.32012 70.284766
 -49.46926  -12.88686 49.744030
 -49.46926  -12.45360 34.003159
 -49.46926  -12.02034 33.935379
 -49.46926  -11.58708 56.609208
 -49.46926  -11.15381 58.938748
 -49.46926  -10.72055 39.584454
 -49.46926  -10.28729 53.298195
 -49.46926   -9.85403 47.242363
 -49.46926   -9.42077 28.778986
 -49.46926   -8.98750 43.658842
 -49.46926   -8.55424 38.440976
 -49.46926   -8.12098 0.000000
 -49.46926   -7.68772 0.000000
 -49.46926   -7.25445 0.000000
 -49.46926   -6.82119 0.000000
 -49.46926   -6.38793 0.000000
 -49.46926   -5.95467 0.000000
 -49.46926   -5.52141 0.000000
 -49.46926   -5.08814 0.000000
 -49.46926   -4.65488 0.000000
 -49.46926   -4.22162 0.000000
 -49.46926   -3.78836 0.000000
 -49.46926   -3.35510 0.000000
 -49.10446  -24.58494 0.000000
 -49.10446  -24.15168 4.000000
 -49.10446  -23.71842 5.000000
 -49.10446  -23.28515 11.939693
 -49.10446  -22.85189 36.110925
 -49.10446  -22.41863 9.000000
 -49.10446  -21.98537 7.000000
 -49.10446  -21.55211 9.000000
 -49.10446  -21.11884 0.000000
 -49.10446  -20.68558 8.460176
 -49.10446  -20.25232 5.550942
 -49.10446  -19.81906 13.111068
 -49.10446  -19.38579 3.859003
 -49.10446  -18.95253 5.140997
 -49.10446  -18.51927 0.000000
 -49.10446  -18.08601 10.000000
 -49.10446  -17.65275 15.000000
 -49.10446  -17.21948 18.000000
 -49.10446  -16.78622 12.722693
 -49.10446  -16.35296 7.651432
 -49.10446  -15.91970 12.000000
 -49.10446  -15.48644 20.867457
 -49.10446  -15.05317 15.300381
 -49.10446  -14.61991 33.168619
 -49.10446  -14.18665 31.465132
 -49.10446  -13.75339 61.740693
 -49.10446  -13.32012 49.889806
 -49.10446  -12.88686 35.783642
 -49.10446  -12.45360 30.393329
 -49.10446  -12.02034 20.384770
 -49.10446  -11.58708 29.724989
 -49.10446  -11.15381 8.892239
 -49.10446  -10.72055 37.079615
 -49.10446  -10.28729 22.633752
 -49.10446   -9.85403 23.050972
 -49.10446   -9.42077 25.200254
 -49.10446   -8.98750 24.699654
 -49.10446   -8.55424 7.559024
 -49.10446   -8.12098 0.000000
 -49.10446   -7.68772 0.000000
 -49.10446   -7.25445 0.000000
 -49.10446   -6.82119 0.000000
 -49.10446   -6.38793 0.000000
 -49.10446   -5.95467 0.000000
 -49.10446   -5.52141 0.000000
 -49.10446   -5.08814 0.000000
 -49.10446   -4.65488 0.000000
 -49.10446   -4.22162 0.000000
 -49.10446   -3.78836 0.000000
 -49.10446   -3.35510 0.000000
 -48.73965  -24.58494 0.000000
 -48.73965  -24.15168 4.000000
 -48.73965  -23.71842 9.129141
 -48.73965  -23.28515 31.633047
 -48.73965  -22.85189 1.909675
 -48.73965  -22.41863 6.244947
 -48.73965  -21.98537 10.000000
 -48.73965  -21.55211 18.000000
 -48.73965  -21.11884 6.000000
 -48.73965  -20.68558 8.000000
 -48.73965  -20.25232 17.000000
 -48.73965  -19.81906 12.600041
 -48.73965  -19.38579 20.907253
 -48.73965  -18.95253 10.000000
 -48.73965  -18.51927 2.000000
 -48.73965  -18.08601 14.000000
 -48.73965  -17.65275 51.988858
 -48.73965  -17.21948 20.011142
 -48.73965  -16.78622 14.277307
 -48.73965  -16.35296 10.348568
 -48.73965  -15.91970 16.000000
 -48.73965  -15.48644 37.615894
 -48.73965  -15.05317 25.158380
 -48.73965  -14.61991 18.801927
 -48.73965  -14.18665 11.332693
 -48.73965  -13.75339 18.165414
 -48.73965  -13.32012 27.046325
 -48.73965  -12.88686 46.525300
 -48.73965  -12.45360 51.061267
 -48.73965  -12.02034 31.856936
 -48.73965  -11.58708 24.620014
 -48.73965  -11.15381 19.164878
 -48.73965  -10.72055 5.172737
 -48.73965  -10.28729 25.907888
 -48.73965   -9.85403 30.519135
 -48.73965   -9.42077 67.200153
 -48.73965   -8.98750 25.001892
 -48.73965   -8.55424 30.609092
 -48.73965   -8.12098 20.000000
 -48.73965   -7.68772 6.000000
 -48.73965   -7.25445 9.494125
 -48.73965   -6.82119 0.000000
 -48.73965   -6.38793 0.000000
 -48.73965   -5.95467 0.000000
 -48.73965   -5.52141 0.000000
 -48.73965   -5.08814 0.000000
 -48.73965   -4.65488 0.000000
 -48.73965   -4.22162 0.000000
 -48.73965   -3.78836 0.000000
 -48.73965   -3.35510 0.000000
 -48.37485  -24.58494 0.000000
 -48.37485  -24.15168 0.000000
 -48.37485  -23.71842 9.870859
 -48.37485  -23.28515 26.000000
 -48.37485  -22.85189 20.276815
 -48.37485  -22.41863 7.305881
 -48.37485  -21.98537 31.902621
 -48.37485  -21.55211 15.709532
 -48.37485  -21.11884 4.160708
 -48.37485  -20.68558 16.247246
 -48.37485  -20.25232 6.752754
 -48.37485  -19.81906 6.000000
 -48.37485  -19.38579 12.381638
 -48.37485  -18.95253 1.000000
 -48.37485  -18.51927 17.000000
 -48.37485  -18.08601 10.160487
 -48.37485  -17.65275 29.962489
 -48.37485  -17.21948 37.986731
 -48.37485  -16.78622 34.867568
 -48.37485  -16.35296 19.685742
 -48.37485  -15.91970 1.000000
 -48.37485  -15.48644 17.387724
 -48.37485  -15.05317 14.024552
 -48.37485  -14.61991 9.000000
 -48.37485  -14.18665 4.872871
 -48.37485  -13.75339 7.834586
 -48.37485  -13.32012 34.243588
 -48.37485  -12.88686 9.998751
 -48.37485  -12.45360 18.404860
 -48.37485  -12.02034 52.469390
 -48.37485  -11.58708 48.654441
 -48.37485  -11.15381 35.214621
 -48.37485  -10.72055 22.000000
 -48.37485  -10.28729 4.103514
 -48.37485   -9.85403 5.000000
 -48.37485   -9.42077 90.997222
 -48.37485   -8.98750 134.445702
 -48.37485   -8.55424 77.736654
 -48.37485   -8.12098 54.706607
 -48.37485   -7.68772 23.129413
 -48.37485   -7.25445 16.352821
 -48.37485   -6.82119 4.000000
 -48.37485   -6.38793 23.162301
 -48.37485   -5.95467 21.827862
 -48.37485   -5.52141 0.000000
 -48.37485   -5.08814 0.000000
 -48.37485   -4.65488 0.000000
 -48.37485   -4.22162 0.000000
 -48.37485   -3.78836 0.000000
 -48.37485   -3.35510 0.000000
 -48.01004  -24.58494 0.000000
 -48.01004  -24.15168 0.000000
 -48.01004  -23.71842 5.000000
 -48.01004  -23.28515 0.000000
 -48.01004  -22.85189 12.332541
 -48.01004  -22.41863 15.087026
 -48.01004  -21.98537 16.459525
 -48.01004  -21.55211 12.129760
 -48.01004  -21.11884 1.000000
 -48.01004  -20.68558 6.000000
 -48.01004  -20.25232 4.000000
 -48.01004  -19.81906 4.000000
 -48.01004  -19.38579 23.000000
 -48.01004  -18.95253 7.000000
 -48.01004  -18.51927 11.463163
 -48.01004  -18.08601 46.124744
 -48.01004  -17.65275 24.307009
 -48.01004  -17.21948 60.852932
 -48.01004  -16.78622 47.614054
 -48.01004  -16.35296 18.528470
 -48.01004  -15.91970 8.410550
 -48.01004  -15.48644 27.837723
 -48.01004  -15.05317 59.439126
 -48.01004  -14.61991 11.478028
 -48.01004  -14.18665 16.127129
 -48.01004  -13.75339 1.000000
 -48.01004  -13.32012 1.000000
 -48.01004  -12.88686 4.931156
 -48.01004  -12.45360 27.128865
 -48.01004  -12.02034 24.690444
 -48.01004  -11.58708 51.898800
 -48.01004  -11.15381 10.716390
 -48.01004  -10.72055 9.000000
 -48.01004  -10.28729 24.896486
 -48.01004   -9.85403 6.000000
 -48.01004   -9.42077 20.021498
 -48.01004   -8.98750 48.096881
 -48.01004   -8.55424 26.173177
 -48.01004   -8.12098 43.659182
 -48.01004   -7.68772 11.000000
 -48.01004   -7.25445 21.406954
 -48.01004   -6.82119 65.746101
 -48.01004   -6.38793 10.902183
 -48.01004   -5.95467 18.107654
 -48.01004   -5.52141 5.000000
 -48.01004   -5.08814 0.000000
 -48.01004   -4.65488 0.000000
 -48.01004   -4.22162 0.000000
 -48.01004   -3.78836 0.000000
 -48.01004   -3.35510 0.000000
 -47.64524  -24.58494 0.000000
 -47.64524  -24.15168 0.000000
 -47.64524  -23.71842 0.000000
 -47.64524  -23.28515 0.000000
 -47.64524  -22.85189 6.000000
 -47.64524  -22.41863 4.000000
 -47.64524  -21.98537 20.424044
 -47.64524  -21.55211 40.782912
 -47.64524  -21.11884 12.265969
 -47.64524  -20.68558 0.000000
 -47.64524  -20.25232 2.000000
 -47.64524  -19.81906 2.000000
 -47.64524  -19.38579 0.000000
 -47.64524  -18.95253 9.567759
 -47.64524  -18.51927 12.432241
 -47.64524  -18.08601 32.289118
 -47.64524  -17.65275 45.730587
 -47.64524  -17.21948 53.390937
 -47.64524  -16.78622 55.369108
 -47.64524  -16.35296 23.000000
 -47.64524  -15.91970 3.081036
 -47.64524  -15.48644 30.000000
 -47.64524  -15.05317 37.207013
 -47.64524  -14.61991 48.374422
 -47.64524  -14.18665 5.009919
 -47.64524  -13.75339 5.000000
 -47.64524  -13.32012 3.000000
 -47.64524  -12.88686 4.316610
 -47.64524  -12.45360 7.000000
 -47.64524  -12.02034 16.000000
 -47.64524  -11.58708 10.068898
 -47.64524  -11.15381 20.558444
 -47.64524  -10.72055 5.000000
 -47.64524  -10.28729 7.000000
 -47.64524   -9.85403 6.580286
 -47.64524   -9.42077 17.424603
 -47.64524   -8.98750 11.307887
 -47.64524   -8.55424 17.000000
 -47.64524   -8.12098 23.481489
 -47.64524   -7.68772 17.967437
 -47.64524   -7.25445 13.885046
 -47.64524   -6.82119 32.114954
 -47.64524   -6.38793 1.000000
 -47.64524   -5.95467 0.000000
 -47.64524   -5.52141 0.000000
 -47.64524   -5.08814 0.000000
 -47.64524   -4.65488 0.000000
 -47.64524   -4.22162 0.000000
 -47.64524   -3.78836 0.000000
 -47.64524   -3.35510 0.000000
 -47.28044  -24.58494 0.000000
 -47.28044  -24.15168 0.000000
 -47.28044  -23.71842 0.000000
 -47.28044  -23.28515 0.000000
 -47.28044  -22.85189 5.000000
 -47.28044  -22.41863 16.000000
 -47.28044  -21.98537 27.000000
 -47.28044  -21.55211 15.000000
 -47.28044  -21.11884 7.733424
 -47.28044  -20.68558 3.000000
 -47.28044  -20.25232 11.000000
 -47.28044  -19.81906 7.000000
 -47.28044  -19.38579 3.000000
 -47.28044  -18.95253 12.000000
 -47.28044  -18.51927 18.180937
 -47.28044  -18.08601 20.316727
 -47.28044  -17.65275 26.144282
 -47.28044  -17.21948 33.803245
 -47.28044  -16.78622 24.785153
 -47.28044  -16.35296 8.129664
 -47.28044  -15.91970 4.267485
 -47.28044  -15.48644 16.709267
 -47.28044  -15.05317 22.983129
 -47.28044  -14.61991 38.212015
 -47.28044  -14.18665 2.137631
 -47.28044  -13.75339 3.887446
 -47.28044  -13.32012 12.632324
 -47.28044  -12.88686 8.683390
 -47.28044  -12.45360 8.760030
 -47.28044  -12.02034 13.072263
 -47.28044  -11.58708 23.504986
 -47.28044  -11.15381 10.372659
 -47.28044  -10.72055 1.000000
 -47.28044  -10.28729 5.181107
 -47.28044   -9.85403 13.238607
 -47.28044   -9.42077 5.705812
 -47.28044   -8.98750 6.482228
 -47.28044   -8.55424 12.000000
 -47.28044   -8.12098 66.829798
 -47.28044   -7.68772 19.611254
 -47.28044   -7.25445 1.000000
 -47.28044   -6.82119 0.000000
 -47.28044   -6.38793 2.000000
 -47.28044   -5.95467 4.000000
 -47.28044   -5.52141 1.507226
 -47.28044   -5.08814 0.000000
 -47.28044   -4.65488 0.000000
 -47.28044   -4.22162 0.000000
 -47.28044   -3.78836 0.000000
 -47.28044   -3.35510 0.000000
 -46.91563  -24.58494 0.000000
 -46.91563  -24.15168 0.000000
 -46.91563  -23.71842 0.000000
 -46.91563  -23.28515 0.000000
 -46.91563  -22.85189 2.000000
 -46.91563  -22.41863 6.000000
 -46.91563  -21.98537 0.000000
 -46.91563  -21.55211 0.000000
 -46.91563  -21.11884 4.793651
 -46.91563  -20.68558 0.000000
 -46.91563  -20.25232 35.000000
 -46.91563  -19.81906 19.000000
 -46.91563  -19.38579 18.087006
 -46.91563  -18.95253 1.000000
 -46.91563  -18.51927 9.218335
 -46.91563  -18.08601 26.707380
 -46.91563  -17.65275 17.292620
 -46.91563  -17.21948 31.218183
 -46.91563  -16.78622 23.000000
 -46.91563  -16.35296 18.870336
 -46.91563  -15.91970 18.283042
 -46.91563  -15.48644 65.218568
 -46.91563  -15.05317 13.041171
 -46.91563  -14.61991 36.787985
 -46.91563  -14.18665 66.000000
 -46.91563  -13.75339 36.687192
 -46.91563  -13.32012 41.186545
 -46.91563  -12.88686 27.878958
 -46.91563  -12.45360 20.967504
 -46.91563  -12.02034 6.795131
 -46.91563  -11.58708 48.370136
 -46.91563  -11.15381 0.000000
 -46.91563  -10.72055 0.000000
 -46.91563  -10.28729 0.000000
 -46.91563   -9.85403 2.612126
 -46.91563   -9.42077 51.274799
 -46.91563   -8.98750 28.181928
 -46.91563   -8.55424 222.650579
 -46.91563   -8.12098 74.787146
 -46.91563   -7.68772 4.640114
 -46.91563   -7.25445 7.000000
 -46.91563   -6.82119 26.180699
 -46.91563   -6.38793 14.295820
 -46.91563   -5.95467 6.795838
 -46.91563   -5.52141 18.492774
 -46.91563   -5.08814 0.000000
 -46.91563   -4.65488 0.000000
 -46.91563   -4.22162 0.000000
 -46.91563   -3.78836 0.000000
 -46.91563   -3.35510 0.000000
 -46.55083  -24.58494 0.000000
 -46.55083  -24.15168 0.000000
 -46.55083  -23.71842 0.000000
 -46.55083  -23.28515 0.000000
 -46.55083  -22.85189 0.000000
 -46.55083  -22.41863 0.000000
 -46.55083  -21.98537 0.000000
 -46.55083  -21.55211 0.000000
 -46.55083  -21.11884 2.218789
 -46.55083  -20.68558 1.828199
 -46.55083  -20.25232 0.000000
 -46.55083  -19.81906 9.276666
 -46.55083  -19.38579 10.407683
 -46.55083  -18.95253 21.000000
 -46.55083  -18.51927 16.698908
 -46.55083  -18.08601 37.146653
 -46.55083  -17.65275 25.874074
 -46.55083  -17.21948 11.886080
 -46.55083  -16.78622 52.006182
 -46.55083  -16.35296 38.574493
 -46.55083  -15.91970 59.096493
 -46.55083  -15.48644 30.625999
 -46.55083  -15.05317 74.989602
 -46.55083  -14.61991 11.169974
 -46.55083  -14.18665 60.824186
 -46.55083  -13.75339 78.886100
 -46.55083  -13.32012 36.420765
 -46.55083  -12.88686 33.389326
 -46.55083  -12.45360 18.405530
 -46.55083  -12.02034 26.867627
 -46.55083  -11.58708 167.755462
 -46.55083  -11.15381 221.266679
 -46.55083  -10.72055 10.432132
 -46.55083  -10.28729 1.000000
 -46.55083   -9.85403 1.387874
 -46.55083   -9.42077 34.645872
 -46.55083   -8.98750 49.402721
 -46.55083   -8.55424 72.401154
 -46.55083   -8.12098 38.869036
 -46.55083   -7.68772 57.359886
 -46.55083   -7.25445 12.000000
 -46.55083   -6.82119 14.798188
 -46.55083   -6.38793 3.725293
 -46.55083   -5.95467 33.125625
 -46.55083   -5.52141 10.000000
 -46.55083   -5.08814 0.000000
 -46.55083   -4.65488 0.000000
 -46.55083   -4.22162 0.000000
 -46.55083   -3.78836 0.000000
 -46.55083   -3.35510 0.000000
 -46.18602  -24.58494 0.000000
 -46.18602  -24.15168 0.000000
 -46.18602  -23.71842 0.000000
 -46.18602  -23.28515 0.000000
 -46.18602  -22.85189 0.000000
 -46.18602  -22.41863 0.000000
 -46.18602  -21.98537 0.000000
 -46.18602  -21.55211 0.000000
 -46.18602  -21.11884 2.781211
 -46.18602  -20.68558 3.171801
 -46.18602  -20.25232 3.000000
 -46.18602  -19.81906 7.000000
 -46.18602  -19.38579 6.228645
 -46.18602  -18.95253 8.000000
 -46.18602  -18.51927 12.545554
 -46.18602  -18.08601 11.000000
 -46.18602  -17.65275 9.236035
 -46.18602  -17.21948 30.312579
 -46.18602  -16.78622 19.875858
 -46.18602  -16.35296 23.949785
 -46.18602  -15.91970 73.423977
 -46.18602  -15.48644 10.547853
 -46.18602  -15.05317 37.984529
 -46.18602  -14.61991 124.455947
 -46.18602  -14.18665 119.706787
 -46.18602  -13.75339 200.480077
 -46.18602  -13.32012 96.374387
 -46.18602  -12.88686 134.696889
 -46.18602  -12.45360 81.686025
 -46.18602  -12.02034 62.949152
 -46.18602  -11.58708 140.209637
 -46.18602  -11.15381 86.411671
 -46.18602  -10.72055 65.920632
 -46.18602  -10.28729 2.870629
 -46.18602   -9.85403 2.000000
 -46.18602   -9.42077 66.011092
 -46.18602   -8.98750 82.419660
 -46.18602   -8.55424 52.776970
 -46.18602   -8.12098 121.350614
 -46.18602   -7.68772 46.361327
 -46.18602   -7.25445 38.245659
 -46.18602   -6.82119 4.000000
 -46.18602   -6.38793 25.709437
 -46.18602   -5.95467 78.369100
 -46.18602   -5.52141 5.000000
 -46.18602   -5.08814 0.000000
 -46.18602   -4.65488 0.000000
 -46.18602   -4.22162 0.000000
 -46.18602   -3.78836 0.000000
 -46.18602   -3.35510 0.000000
 -45.82122  -24.58494 0.000000
 -45.82122  -24.15168 0.000000
 -45.82122  -23.71842 0.000000
 -45.82122  -23.28515 0.000000
 -45.82122  -22.85189 0.000000
 -45.82122  -22.41863 0.000000
 -45.82122  -21.98537 0.000000
 -45.82122  -21.55211 0.000000
 -45.82122  -21.11884 4.864363
 -45.82122  -20.68558 12.198185
 -45.82122  -20.25232 20.801815
 -45.82122  -19.81906 32.000000
 -45.82122  -19.38579 26.152285
 -45.82122  -18.95253 16.265896
 -45.82122  -18.51927 27.489656
 -45.82122  -18.08601 60.036553
 -45.82122  -17.65275 49.291713
 -45.82122  -17.21948 56.539165
 -45.82122  -16.78622 20.326693
 -45.82122  -16.35296 34.459278
 -45.82122  -15.91970 54.032156
 -45.82122  -15.48644 102.424244
 -45.82122  -15.05317 17.000000
 -45.82122  -14.61991 99.168615
 -45.82122  -14.18665 151.796537
 -45.82122  -13.75339 129.899060
 -45.82122  -13.32012 103.834081
 -45.82122  -12.88686 161.324546
 -45.82122  -12.45360 128.391469
 -45.82122  -12.02034 91.145196
 -45.82122  -11.58708 86.864864
 -45.82122  -11.15381 85.666388
 -45.82122  -10.72055 134.145371
 -45.82122  -10.28729 59.087153
 -45.82122   -9.85403 1.886519
 -45.82122   -9.42077 77.704656
 -45.82122   -8.98750 125.488196
 -45.82122   -8.55424 70.776537
 -45.82122   -8.12098 65.020780
 -45.82122   -7.68772 109.608028
 -45.82122   -7.25445 24.334096
 -45.82122   -6.82119 4.000000
 -45.82122   -6.38793 1.054878
 -45.82122   -5.95467 84.747120
 -45.82122   -5.52141 8.000000
 -45.82122   -5.08814 2.159655
 -45.82122   -4.65488 1.840345
 -45.82122   -4.22162 0.000000
 -45.82122   -3.78836 0.000000
 -45.82122   -3.35510 0.000000
 -45.45642  -24.58494 0.000000
 -45.45642  -24.15168 0.000000
 -45.45642  -23.71842 0.000000
 -45.45642  -23.28515 0.000000
 -45.45642  -22.85189 0.000000
 -45.45642  -22.41863 0.000000
 -45.45642  -21.98537 0.000000
 -45.45642  -21.55211 0.000000
 -45.45642  -21.11884 1.787754
 -45.45642  -20.68558 0.347883
 -45.45642  -20.25232 19.000000
 -45.45642  -19.81906 47.599398
 -45.45642  -19.38579 34.645168
 -45.45642  -18.95253 48.504891
 -45.45642  -18.51927 30.333454
 -45.45642  -18.08601 55.339228
 -45.45642  -17.65275 15.000000
 -45.45642  -17.21948 23.869424
 -45.45642  -16.78622 52.422514
 -45.45642  -16.35296 64.985752
 -45.45642  -15.91970 18.236987
 -45.45642  -15.48644 54.102925
 -45.45642  -15.05317 5.003223
 -45.45642  -14.61991 8.526943
 -45.45642  -14.18665 28.319229
 -45.45642  -13.75339 56.309601
 -45.45642  -13.32012 52.020841
 -45.45642  -12.88686 119.472429
 -45.45642  -12.45360 91.561770
 -45.45642  -12.02034 62.558139
 -45.45642  -11.58708 85.811443
 -45.45642  -11.15381 5.008592
 -45.45642  -10.72055 40.435087
 -45.45642  -10.28729 6.000000
 -45.45642   -9.85403 25.555667
 -45.45642   -9.42077 127.040974
 -45.45642   -8.98750 4.234575
 -45.45642   -8.55424 89.575387
 -45.45642   -8.12098 68.722406
 -45.45642   -7.68772 26.432610
 -45.45642   -7.25445 14.519226
 -45.45642   -6.82119 2.480774
 -45.45642   -6.38793 1.945122
 -45.45642   -5.95467 16.252880
 -45.45642   -5.52141 0.000000
 -45.45642   -5.08814 0.000000
 -45.45642   -4.65488 0.000000
 -45.45642   -4.22162 0.000000
 -45.45642   -3.78836 0.000000
 -45.45642   -3.35510 0.000000
 -45.09161  -24.58494 0.000000
 -45.09161  -24.15168 0.000000
 -45.09161  -23.71842 0.000000
 -45.09161  -23.28515 0.000000
 -45.09161  -22.85189 0.000000
 -45.09161  -22.41863 0.000000
 -45.09161  -21.98537 0.000000
 -45.09161  -21.55211 0.000000
 -45.09161  -21.11884 0.000000
 -45.09161  -20.68558 21.000000
 -45.09161  -20.25232 17.000000
 -45.09161  -19.81906 51.167787
 -45.09161  -19.38579 73.263830
 -45.09161  -18.95253 33.000000
 -45.09161  -18.51927 63.816854
 -45.09161  -18.08601 68.013967
 -45.09161  -17.65275 53.656177
 -45.09161  -17.21948 29.079669
 -45.09161  -16.78622 55.952251
 -45.09161  -16.35296 36.805615
 -45.09161  -15.91970 29.783477
 -45.09161  -15.48644 7.000000
 -45.09161  -15.05317 29.569189
 -45.09161  -14.61991 8.075052
 -45.09161  -14.18665 1.000000
 -45.09161  -13.75339 4.427220
 -45.09161  -13.32012 1.703862
 -45.09161  -12.88686 32.670773
 -45.09161  -12.45360 8.028779
 -45.09161  -12.02034 26.000000
 -45.09161  -11.58708 6.231527
 -45.09161  -11.15381 4.000000
 -45.09161  -10.72055 3.000000
 -45.09161  -10.28729 0.000000
 -45.09161   -9.85403 19.587110
 -45.09161   -9.42077 145.224206
 -45.09161   -8.98750 24.438229
 -45.09161   -8.55424 33.657840
 -45.09161   -8.12098 37.686140
 -45.09161   -7.68772 21.994796
 -45.09161   -7.25445 7.380507
 -45.09161   -6.82119 1.000000
 -45.09161   -6.38793 6.000000
 -45.09161   -5.95467 7.000000
 -45.09161   -5.52141 0.000000
 -45.09161   -5.08814 0.000000
 -45.09161   -4.65488 0.000000
 -45.09161   -4.22162 0.000000
 -45.09161   -3.78836 0.000000
 -45.09161   -3.35510 0.000000
 -44.72681  -24.58494 0.000000
 -44.72681  -24.15168 0.000000
 -44.72681  -23.71842 0.000000
 -44.72681  -23.28515 0.000000
 -44.72681  -22.85189 0.000000
 -44.72681  -22.41863 0.000000
 -44.72681  -21.98537 0.000000
 -44.72681  -21.55211 0.000000
 -44.72681  -21.11884 0.000000
 -44.72681  -20.68558 2.000000
 -44.72681  -20.25232 0.000000
 -44.72681  -19.81906 2.000000
 -44.72681  -19.38579 31.171532
 -44.72681  -18.95253 49.233988
 -44.72681  -18.51927 44.969617
 -44.72681  -18.08601 61.695932
 -44.72681  -17.65275 33.927971
 -44.72681  -17.21948 32.867828
 -44.72681  -16.78622 45.653320
 -44.72681  -16.35296 28.331682
 -44.72681  -15.91970 23.424317
 -44.72681  -15.48644 11.856065
 -44.72681  -15.05317 22.817057
 -44.72681  -14.61991 9.924948
 -44.72681  -14.18665 0.000000
 -44.72681  -13.75339 3.000000
 -44.72681  -13.32012 6.709929
 -44.72681  -12.88686 99.563944
 -44.72681  -12.45360 30.825625
 -44.72681  -12.02034 25.069508
 -44.72681  -11.58708 2.000000
 -44.72681  -11.15381 16.000000
 -44.72681  -10.72055 3.000000
 -44.72681  -10.28729 0.000000
 -44.72681   -9.85403 2.000000
 -44.72681   -9.42077 18.279366
 -44.72681   -8.98750 50.913763
 -44.72681   -8.55424 99.528399
 -44.72681   -8.12098 49.177792
 -44.72681   -7.68772 29.543370
 -44.72681   -7.25445 41.608603
 -44.72681   -6.82119 24.655434
 -44.72681   -6.38793 22.596571
 -44.72681   -5.95467 12.403429
 -44.72681   -5.52141 2.000000
 -44.72681   -5.08814 0.000000
 -44.72681   -4.65488 0.000000
 -44.72681   -4.22162 5.804870
 -44.72681   -3.78836 1.000000
 -44.72681   -3.35510 0.000000
 -44.36200  -24.58494 0.000000
 -44.36200  -24.15168 0.000000
 -44.36200  -23.71842 0.000000
 -44.36200  -23.28515 0.000000
 -44.36200  -22.85189 0.000000
 -44.36200  -22.41863 0.000000
 -44.36200  -21.98537 0.000000
 -44.36200  -21.55211 0.000000
 -44.36200  -21.11884 0.000000
 -44.36200  -20.68558 0.000000
 -44.36200  -20.25232 0.000000
 -44.36200  -19.81906 6.000000
 -44.36200  -19.38579 12.000000
 -44.36200  -18.95253 7.766012
 -44.36200  -18.51927 6.000000
 -44.36200  -18.08601 0.000000
 -44.36200  -17.65275 46.449713
 -44.36200  -17.21948 27.394296
 -44.36200  -16.78622 31.596374
 -44.36200  -16.35296 9.000000
 -44.36200  -15.91970 5.000000
 -44.36200  -15.48644 8.000000
 -44.36200  -15.05317 4.326879
 -44.36200  -14.61991 9.644999
 -44.36200  -14.18665 8.000000
 -44.36200  -13.75339 3.516068
 -44.36200  -13.32012 0.000000
 -44.36200  -12.88686 27.609408
 -44.36200  -12.45360 6.600940
 -44.36200  -12.02034 16.128380
 -44.36200  -11.58708 1.000000
 -44.36200  -11.15381 8.000000
 -44.36200  -10.72055 0.000000
 -44.36200  -10.28729 0.000000
 -44.36200   -9.85403 1.000000
 -44.36200   -9.42077 4.040765
 -44.36200   -8.98750 1.466245
 -44.36200   -8.55424 29.101611
 -44.36200   -8.12098 24.133954
 -44.36200   -7.68772 103.240855
 -44.36200   -7.25445 16.071989
 -44.36200   -6.82119 19.491658
 -44.36200   -6.38793 5.000000
 -44.36200   -5.95467 17.027382
 -44.36200   -5.52141 14.000000
 -44.36200   -5.08814 0.000000
 -44.36200   -4.65488 1.000000
 -44.36200   -4.22162 3.195130
 -44.36200   -3.78836 0.000000
 -44.36200   -3.35510 0.000000
 -43.99720  -24.58494 0.000000
 -43.99720  -24.15168 0.000000
 -43.99720  -23.71842 0.000000
 -43.99720  -23.28515 0.000000
 -43.99720  -22.85189 0.000000
 -43.99720  -22.41863 0.000000
 -43.99720  -21.98537 0.000000
 -43.99720  -21.55211 0.000000
 -43.99720  -21.11884 0.000000
 -43.99720  -20.68558 0.000000
 -43.99720  -20.25232 0.000000
 -43.99720  -19.81906 4.078726
 -43.99720  -19.38579 9.921274
 -43.99720  -18.95253 0.000000
 -43.99720  -18.51927 2.000000
 -43.99720  -18.08601 2.535647
 -43.99720  -17.65275 6.424983
 -43.99720  -17.21948 25.000000
 -43.99720  -16.78622 20.481678
 -43.99720  -16.35296 20.000000
 -43.99720  -15.91970 0.000000
 -43.99720  -15.48644 0.000000
 -43.99720  -15.05317 0.000000
 -43.99720  -14.61991 6.355001
 -43.99720  -14.18665 9.000000
 -43.99720  -13.75339 9.058447
 -43.99720  -13.32012 12.425486
 -43.99720  -12.88686 9.000000
 -43.99720  -12.45360 24.909472
 -43.99720  -12.02034 7.436648
 -43.99720  -11.58708 1.000000
 -43.99720  -11.15381 1.000000
 -43.99720  -10.72055 0.000000
 -43.99720  -10.28729 4.000000
 -43.99720   -9.85403 0.000000
 -43.99720   -9.42077 1.959235
 -43.99720   -8.98750 0.000000
 -43.99720   -8.55424 0.000000
 -43.99720   -8.12098 0.000000
 -43.99720   -7.68772 3.000000
 -43.99720   -7.25445 11.889465
 -43.99720   -6.82119 15.833705
 -43.99720   -6.38793 6.000000
 -43.99720   -5.95467 10.972618
 -43.99720   -5.52141 13.000000
 -43.99720   -5.08814 7.000000
 -43.99720   -4.65488 6.000000
 -43.99720   -4.22162 0.000000
 -43.99720   -3.78836 0.000000
 -43.99720   -3.35510 0.000000
 -43.63240  -24.58494 0.000000
 -43.63240  -24.15168 0.000000
 -43.63240  -23.71842 0.000000
 -43.63240  -23.28515 0.000000
 -43.63240  -22.85189 0.000000
 -43.63240  -22.41863 0.000000
 -43.63240  -21.98537 0.000000
 -43.63240  -21.55211 0.000000
 -43.63240  -21.11884 0.000000
 -43.63240  -20.68558 0.000000
 -43.63240  -20.25232 0.000000
 -43.63240  -19.81906 0.000000
 -43.63240  -19.38579 0.000000
 -43.63240  -18.95253 0.000000
 -43.63240  -18.51927 0.000000
 -43.63240  -18.08601 6.000000
 -43.63240  -17.65275 22.316973
 -43.63240  -17.21948 5.988216
 -43.63240  -16.78622 33.213133
 -43.63240  -16.35296 10.000000
 -43.63240  -15.91970 1.000000
 -43.63240  -15.48644 0.000000
 -43.63240  -15.05317 6.000000
 -43.63240  -14.61991 5.822397
 -43.63240  -14.18665 1.177603
 -43.63240  -13.75339 0.000000
 -43.63240  -13.32012 14.000000
 -43.63240  -12.88686 7.480519
 -43.63240  -12.45360 11.837289
 -43.63240  -12.02034 9.087271
 -43.63240  -11.58708 7.000000
 -43.63240  -11.15381 5.717882
 -43.63240  -10.72055 4.282118
 -43.63240  -10.28729 1.000000
 -43.63240   -9.85403 16.000000
 -43.63240   -9.42077 0.000000
 -43.63240   -8.98750 0.000000
 -43.63240   -8.55424 4.000000
 -43.63240   -8.12098 0.000000
 -43.63240   -7.68772 0.000000
 -43.63240   -7.25445 2.739446
 -43.63240   -6.82119 1.000000
 -43.63240   -6.38793 3.000000
 -43.63240   -5.95467 21.148230
 -43.63240   -5.52141 5.000000
 -43.63240   -5.08814 10.870052
 -43.63240   -4.65488 27.129948
 -43.63240   -4.22162 8.000000
 -43.63240   -3.78836 24.600537
 -43.63240   -3.35510 20.355711
 -43.26759  -24.58494 0.000000
 -43.26759  -24.15168 0.000000
 -43.26759  -23.71842 0.000000
 -43.26759  -23.28515 0.000000
 -43.26759  -22.85189 0.000000
 -43.26759  -22.41863 0.000000
 -43.26759  -21.98537 0.000000
 -43.26759  -21.55211 0.000000
 -43.26759  -21.11884 0.000000
 -43.26759  -20.68558 0.000000
 -43.26759  -20.25232 0.000000
 -43.26759  -19.81906 0.000000
 -43.26759  -19.38579 0.000000
 -43.26759  -18.95253 0.000000
 -43.26759  -18.51927 0.000000
 -43.26759  -18.08601 2.298917
 -43.26759  -17.65275 8.701083
 -43.26759  -17.21948 0.000000
 -43.26759  -16.78622 52.000000
 -43.26759  -16.35296 1.000000
 -43.26759  -15.91970 0.000000
 -43.26759  -15.48644 0.000000
 -43.26759  -15.05317 0.000000
 -43.26759  -14.61991 0.000000
 -43.26759  -14.18665 0.000000
 -43.26759  -13.75339 0.000000
 -43.26759  -13.32012 0.000000
 -43.26759  -12.88686 0.519481
 -43.26759  -12.45360 1.000000
 -43.26759  -12.02034 0.000000
 -43.26759  -11.58708 0.000000
 -43.26759  -11.15381 0.000000
 -43.26759  -10.72055 0.000000
 -43.26759  -10.28729 0.000000
 -43.26759   -9.85403 0.000000
 -43.26759   -9.42077 0.000000
 -43.26759   -8.98750 0.000000
 -43.26759   -8.55424 0.000000
 -43.26759   -8.12098 0.000000
 -43.26759   -7.68772 0.000000
 -43.26759   -7.25445 0.000000
 -43.26759   -6.82119 5.000000
 -43.26759   -6.38793 0.000000
 -43.26759   -5.95467 1.851770
 -43.26759   -5.52141 6.000000
 -43.26759   -5.08814 19.077116
 -43.26759   -4.65488 11.000000
 -43.26759   -4.22162 32.554580
 -43.26759   -3.78836 93.308934
 -43.26759   -3.35510 26.676270
 -42.90279  -24.58494 0.000000
 -42.90279  -24.15168 0.000000
 -42.90279  -23.71842 0.000000
 -42.90279  -23.28515 0.000000
 -42.90279  -22.85189 0.000000
 -42.90279  -22.41863 0.000000
 -42.90279  -21.98537 0.000000
 -42.90279  -21.55211 0.000000
 -42.90279  -21.11884 0.000000
 -42.90279  -20.68558 0.000000
 -42.90279  -20.25232 0.000000
 -42.90279  -19.81906 0.000000
 -42.90279  -19.38579 0.000000
 -42.90279  -18.95253 0.000000
 -42.90279  -18.51927 0.000000
 -42.90279  -18.08601 3.000000
 -42.90279  -17.65275 8.000000
 -42.90279  -17.21948 0.000000
 -42.90279  -16.78622 0.000000
 -42.90279  -16.35296 0.000000
 -42.90279  -15.91970 5.000000
 -42.90279  -15.48644 1.000000
 -42.90279  -15.05317 0.000000
 -42.90279  -14.61991 0.000000
 -42.90279  -14.18665 0.000000
 -42.90279  -13.75339 0.000000
 -42.90279  -13.32012 0.000000
 -42.90279  -12.88686 0.000000
 -42.90279  -12.45360 0.000000
 -42.90279  -12.02034 0.000000
 -42.90279  -11.58708 0.000000
 -42.90279  -11.15381 0.000000
 -42.90279  -10.72055 0.000000
 -42.90279  -10.28729 0.000000
 -42.90279   -9.85403 0.000000
 -42.90279   -9.42077 0.000000
 -42.90279   -8.98750 0.000000
 -42.90279   -8.55424 0.000000
 -42.90279   -8.12098 0.000000
 -42.90279   -7.68772 0.000000
 -42.90279   -7.25445 0.000000
 -42.90279   -6.82119 0.000000
 -42.90279   -6.38793 0.000000
 -42.90279   -5.95467 0.000000
 -42.90279   -5.52141 5.000000
 -42.90279   -5.08814 15.818546
 -42.90279   -4.65488 5.104338
 -42.90279   -4.22162 4.684588
 -42.90279   -3.78836 17.851362
 -42.90279   -3.35510 16.968019
 -42.53798  -24.58494 0.000000
 -42.53798  -24.15168 0.000000
 -42.53798  -23.71842 0.000000
 -42.53798  -23.28515 0.000000
 -42.53798  -22.85189 0.000000
 -42.53798  -22.41863 0.000000
 -42.53798  -21.98537 0.000000
 -42.53798  -21.55211 0.000000
 -42.53798  -21.11884 0.000000
 -42.53798  -20.68558 0.000000
 -42.53798  -20.25232 0.000000
 -42.53798  -19.81906 0.000000
 -42.53798  -19.38579 0.000000
 -42.53798  -18.95253 0.000000
 -42.53798  -18.51927 0.000000
 -42.53798  -18.08601 1.000000
 -42.53798  -17.65275 7.000000
 -42.53798  -17.21948 1.000000
 -42.53798  -16.78622 0.000000
 -42.53798  -16.35296 0.000000
 -42.53798  -15.91970 2.000000
 -42.53798  -15.48644 4.000000
 -42.53798  -15.05317 0.000000
 -42.53798  -14.61991 0.000000
 -42.53798  -14.18665 0.000000
 -42.53798  -13.75339 0.000000
 -42.53798  -13.32012 0.000000
 -42.53798  -12.88686 0.000000
 -42.53798  -12.45360 0.000000
 -42.53798  -12.02034 0.000000
 -42.53798  -11.58708 0.000000
 -42.53798  -11.15381 0.000000
 -42.53798  -10.72055 0.000000
 -42.53798  -10.28729 0.000000
 -42.53798   -9.85403 0.000000
 -42.53798   -9.42077 0.000000
 -42.53798   -8.98750 0.000000
 -42.53798   -8.55424 0.000000
 -42.53798   -8.12098 0.000000
 -42.53798   -7.68772 0.000000
 -42.53798   -7.25445 0.000000
 -42.53798   -6.82119 0.000000
 -42.53798   -6.38793 0.000000
 -42.53798   -5.95467 0.000000
 -42.53798   -5.52141 0.000000
 -42.53798   -5.08814 0.000000
 -42.53798   -4.65488 0.000000
 -42.53798   -4.22162 0.000000
 -42.53798   -3.78836 6.000000
 -42.53798   -3.35510 6.000000
 -42.17318  -24.58494 0.000000
 -42.17318  -24.15168 0.000000
 -42.17318  -23.71842 0.000000
 -42.17318  -23.28515 0.000000
 -42.17318  -22.85189 0.000000
 -42.17318  -22.41863 0.000000
 -42.17318  -21.98537 0.000000
 -42.17318  -21.55211 0.000000
 -42.17318  -21.11884 0.000000
 -42.17318  -20.68558 0.000000
 -42.17318  -20.25232 0.000000
 -42.17318  -19.81906 0.000000
 -42.17318  -19.38579 0.000000
 -42.17318  -18.95253 0.000000
 -42.17318  -18.51927 0.000000
 -42.17318  -18.08601 0.000000
 -42.17318  -17.65275 0.000000
 -42.17318  -17.21948 0.000000
 -42.17318  -16.78622 0.000000
 -42.17318  -16.35296 11.000000
 -42.17318  -15.91970 5.000000
 -42.17318  -15.48644 0.000000
 -42.17318  -15.05317 0.000000
 -42.17318  -14.61991 0.000000
 -42.17318  -14.18665 0.000000
 -42.17318  -13.75339 0.000000
 -42.17318  -13.32012 0.000000
 -42.17318  -12.88686 0.000000
 -42.17318  -12.45360 0.000000
 -42.17318  -12.02034 0.000000
 -42.17318  -11.58708 0.000000
 -42.17318  -11.15381 0.000000
 -42.17318  -10.72055 0.000000
 -42.17318  -10.28729 0.000000
 -42.17318   -9.85403 0.000000
 -42.17318   -9.42077 0.000000
 -42.17318   -8.98750 0.000000
 -42.17318   -8.55424 0.000000
 -42.17318   -8.12098 0.000000
 -42.17318   -7.68772 0.000000
 -42.17318   -7.25445 0.000000
 -42.17318   -6.82119 0.000000
 -42.17318   -6.38793 0.000000
 -42.17318   -5.95467 0.000000
 -42.17318   -5.52141 0.000000
 -42.17318   -5.08814 0.000000
 -42.17318   -4.65488 0.000000
 -42.17318   -4.22162 0.000000
 -42.17318   -3.78836 0.000000
 -42.17318   -3.35510 7.000000
