real	estimada
234	15976
2598	24832
626	9525
262	13597
1051	8155
1152	10170
2103	21646
1	1309
9	519
822	15731
6	898
82	7411
9	288
130	5476
2480	17074
399	15305
1236	10679
1	576
28	1270
0	0
272	6843
1428	14664
1925	19317
314	3437
2538	24263
2	100
265	13307
1624	13065
7	311
62	4527
257	12862
396	6931
1	331
1	858
642	18231
1001	13279
880	7731
24	1269
21	963
1308	23559
146	10973
2769	24850
913	6856
2132	22785
1	129
2395	15095
118	10269
10	420
97	10398
2505	22414
284	15603
437	7704
502	12323
165	4300
828	17192
2023	18528
4	92
1746	12541
113	2422
0	0
1	384
7	247
159	2979
207	14826
2422	25992
1170	9894
4	900
18	730
2838	25773
147	13264
295	4246
1	39
1174	10016
45	1497
1916	16114
1214	10407
145	9000
666	9864
2101	22996
5	132
0	0
1526	16474
109	8652
1767	18546
102	10660
303	13834
2958	23795
2636	19710
170	1361
60	1808
1094	17669
80	1901
2089	25006
40	2284
895	7007
363	3069
2796	25527
365	15440
93	8533
1836	13050
1980	25580
1	886
1574	8302
1	584
73	6329
1722	17342
1340	23108
90	9110
748	5280
1621	16748
297	3086
622	14453
1262	9893
1	195
865	7235
2	1381
1271	15047
1	10
1190	9871
266	9336
20	1563
784	18538
2569	26310
631	7096
1051	10220
1389	11981
31	2364
1	827
282	11428
2159	18806
774	6218
214	2275
1666	11980
138	5693
1001	22038
2523	22313
281	6498
251	3575
63	5732
2	1249
1519	18888
221	15764
78	2423
568	12661
1	2
1	86
185	4462
1633	16789
1	447
2899	24818
11	423
1469	15103
709	6399
351	8117
1	1
1592	24889
769	6309
1	253
1780	21634
1	322
33	2060
139	13477
880	7597
463	17471
1426	18327
231	2789
2687	22379
2562	24365
1200	12674
0	252
0	1430
1	534
0	0
1	168
93	6148
0	1424
0	0
0	56
1223	10004
1	132
416	3427
631	4673
1	112
2235	24077
914	7249
1	560
1	140
562	13170
310	3130
0	0
129	12163
416	11420
2000	17395
281	7480
1	14
2470	23743
827	5645
1530	15760
2116	14050
2	35
0	0
1904	18596
0	0
158	14009
74	5855
2256	15920
135	3795
1	96
25	1444
622	19456
8	1641
1050	8447
1660	13493
44	3089
2760	23299
0	0
420	17409
2631	15566
2011	25887
1573	16119
1798	13976
1115	9569
1	887
0	0
20	1514
2742	23143
2785	26047
1	300
0	0
1	9
92	7059
444	3909
2477	16843
465	13498
17	996
319	14246
20	1287
13	613
46	2131
1	118
1450	12837
1264	10532
0	0
1223	16971
1	454
2	15
0	0
2112	18939
195	14024
446	4204
2887	17063
298	14114
1	900
1800	24375
977	14453
44	3075
1299	10069
0	121
1994	18741
463	3916
32	2090
665	11082
779	5765
146	4214
1	697
1334	20203
944	19213
495	4397
604	3337
89	2126
553	13128
411	2152
1	230
2875	23351
1	676
2922	23245
228	13416
159	4444
1	606
382	5418
28	2543
234	7787
184	9249
20	1524
0	0
572	3905
2168	21627
245	16438
201	14451
1	152
319	2619
85	8652
2182	23184
2437	24984
2272	16169
621	11050
1	175
2407	17011
0	0
93	9855
94	1406
1067	8296
26	2125
1	73
644	10008
1	133
0	0
238	2427
2157	25807
781	6299
35	1689
2	1618
0	0
0	170
788	18206
1941	14615
1249	19911
2272	20011
404	17607
978	16924
908	18926
96	735
828	17739
372	7355
1	201
1859	25785
1	234
0	0
1874	16133
0	0
1	938
997	10991
282	3751
16	895
40	2357
2078	24049
1682	17284
1785	18845
0	0
431	10328
93	9468
914	6404
0	0
1	304
165	6093
1573	12558
186	9890
19	1255
80	2532
350	3538
844	7315
22	1280
554	9278
2792	21867
151	2660
2	744
2474	13085
1613	14639
2	899
231	4353
1156	15041
688	15067
660	12300
127	2663
2784	22667
2606	20119
1041	11956
33	2063
1152	18979
632	5215
0	0
1	1041
0	42
32	1898
222	7662
252	14802
1	1008
354	10237
162	13826
216	15702
246	2591
1123	8414
68	3630
307	13751
2692	26302
190	3009
959	20338
2407	19993
14	1142
94	6828
210	4818
8	267
2403	22758
434	16511
1	572
98	7218
1	123
896	7545
1267	9952
116	1471
2058	21861
1	252
671	5279
218	15574
1224	14923
2732	25014
1094	16818
9	302
0	571
0	83
721	6198
1348	12349
286	4403
1340	11201
269	13606
775	14683
47	1336
1426	15746
1446	13832
127	6245
683	5298
177	4512
1168	12608
1840	13172
570	7105
1	53
805	13826
0	0
1642	23742
459	17741
2	1330
108	9437
898	6996
1585	24789
287	16651
9	466
553	8915
998	13873
2277	26069
1	30
224	9831
797	19777
1	11
1344	23637
1960	21128
10	1986
4	103
126	6947
1828	19223
185	10985
283	12152
1189	9688
116	2448
2	97
98	7151
1	304
880	9258
1776	11538
36	2358
235	4256
1762	25178
760	19060
1382	23894
34	2102
0	676
1123	5950
608	5750
1181	17343
113	11515
2196	16789
3105	22424
676	19387
144	4817
1603	15740
650	4948
2784	17758
1966	22059
82	2443
2	691
1	385
186	7387
2	769
2137	12944
190	13691
697	6343
890	6591
8	366
774	7057
975	7961
680	18147
1610	23455
8	418
15	701
0	0
2095	22547
763	5681
652	5277
2132	22354
854	6683
905	7286
