real	estimada
7	2006
1	2201
1	1857
1	2183
1854	133824
1	7484
1862	78200
1	525
2901	91074
1	2597
1	658
344	24651
1	2749
2	9201
2454	163216
1687	112797
545	124693
516	62236
1	608
1	4049
1	1033
3	8896
0	0
608	28859
120	18799
2	13750
101	15139
223	15581
2	8136
1707	115422
30	24347
983	46999
76	19387
2570	116906
2	16327
2149	153749
2249	158934
980	130768
1	331
1417	82655
466	26240
1	6966
291	63951
2568	105613
2032	149460
1007	146158
3178	111340
1	7065
1	7902
0	0
756	40216
2397	103364
733	39899
991	77255
1922	76251
716	121620
389	20321
0	0
1	8671
303	94815
1151	61260
1	1757
676	54845
51	18865
29	19304
100	33382
1165	153573
1	1262
222	91780
311	22264
1278	34754
1	6210
36	17085
2352	78332
364	101254
21	10839
262	17650
0	2971
1	434
1	589
483	13281
1	474
105	16927
471	133271
2166	74918
80	52120
560	26670
305	54830
1	9405
2347	77100
941	51371
2	13584
1	927
1	403
907	49208
0	10897
194	22209
2864	152654
1539	100325
4	9323
0	0
550	49089
2	9096
1	1368
1	4025
487	24784
19	9031
99	63432
0	0
1512	77586
1662	113806
2057	105998
2376	75799
112	17651
2091	111517
2277	115030
2256	87332
1	424
0	0
2	7151
121	74910
2	208
2582	160710
35	1652
978	144068
42	19289
1	586
1195	78287
2	8033
1	1052
199	110195
422	26019
319	30771
1709	161458
1528	77329
1	572
1	15
962	49004
1950	135749
135	26251
2	6112
1	8558
55	11661
0	0
0	0
1	5998
761	59503
181	14305
3183	106693
2239	69251
1300	159677
9	13705
966	51899
127	13762
987	88579
69	10326
1	2993
36	17178
14	5528
1	95
0	0
2420	146888
2015	103390
1868	50341
2919	89637
108	66355
0	0
740	66339
0	0
253	40831
540	124835
1	4088
125	89268
1236	72519
1544	100600
1951	115816
2392	94370
127	10901
2906	150288
61	34829
1885	145531
57	14582
372	78606
0	0
1906	118106
23	11991
309	25237
0	0
413	133760
477	44753
881	71748
128	101897
25	15622
1	6892
13	5101
1864	113298
1615	109969
606	143480
1	3434
1054	132667
862	23977
1241	161787
2403	117478
538	63484
0	0
6	2447
429	131559
1759	119627
2301	163803
999	146084
2	248
0	6585
1801	94828
1	1197
2014	164673
210	6144
3089	99035
2	938
21	7552
810	29145
1	1887
54	9496
1407	83959
977	26836
0	0
1612	69568
1	6981
1159	51098
1203	66790
2753	95443
0	0
271	79557
203	117140
855	132054
12	4818
2643	160591
0	697
956	105286
79	9433
0	0
1	2000
22	9845
269	20231
259	112487
1199	141943
2406	105780
754	119260
2446	155508
123	68735
932	47593
1193	57684
1	6321
1998	97932
404	95539
3	1425
2169	114846
236	96747
9	3132
2723	154179
955	100882
0	0
0	0
2547	148803
469	95923
881	35966
291	70009
1655	96752
34	17317
1491	100970
68	11730
1749	61894
113	75584
830	36291
707	30762
1713	52876
40	6655
0	0
207	111271
1	3651
1833	65944
1231	160261
833	41827
1305	56845
3243	119503
1	49
1	5479
1	20
78	54412
481	69234
0	0
472	24063
54	40997
2359	79577
2339	132804
1130	160069
417	102609
1	303
411	133710
426	132647
0	0
1524	137831
926	147731
2166	114314
9	2511
91	12876
1	3849
1	2026
0	0
0	0
1357	100566
1497	165940
1	8571
2550	71611
551	27008
2039	130484
926	23920
1	316
1814	143915
242	104832
2644	114859
1447	69603
226	95481
380	118349
3218	111512
1579	108621
23	14524
256	44828
267	130652
28	9757
41	20652
194	46206
1	5712
1812	93302
1	4338
1	208
92	74684
1200	32001
95	55683
1511	93287
1	3240
955	82351
1	13
3013	105807
224	24338
22	10998
2185	116309
1498	90298
2595	148486
113	13272
80	37433
2580	115068
2032	62009
388	102749
1	276
169	66839
209	71100
1	57
2307	155564
843	77654
1380	70305
109	71426
192	32243
7	1731
1294	53092
1138	124171
2	5734
2343	157151
2	8896
105	89583
1585	81994
979	92630
2018	133797
732	29687
1	5190
1	79
0	5975
1427	72923
9	3270
1624	161646
171	104763
0	0
2495	124306
3075	112675
0	7497
895	43455
1202	57614
1636	113427
0	39
1432	164202
642	38219
865	102269
1306	57600
228	80832
244	89964
189	6973
0	4291
1	2940
2457	122410
1233	160873
904	36515
239	64189
2257	144686
4	629
42	22727
89	27210
974	65236
1087	80702
854	44908
34	31191
2	5814
1	2574
57	40301
106	91566
302	113216
120	72380
1964	85168
30	20413
1501	137916
1005	51730
2925	86491
2	326
1	1568
1659	106164
693	87514
2448	146488
2927	133211
219	123120
93	18102
2160	83345
2198	129216
1	4744
9	4324
0	0
546	64907
64	11390
0	0
749	41223
768	40287
1	1432
424	77103
1425	150385
2108	161588
256	117928
1739	90078
1934	93334
1977	127800
3075	120141
1249	136721
101	85364
185	112181
178	24757
2893	148186
1518	128780
483	30250
80	19732
55	13805
3	1295
1209	157218
2	1074
0	0
759	91862
1245	159422
943	106950
675	38149
81	25436
43	35318
1662	109361
38	20595
1	4566
384	56442
1427	85836
1	10
2502	161457
20	9342
2964	102249
315	25674
2754	143274
1	2969
13	9480
1932	82903
1938	95408
1	3281
110	4377
215	120915
1	4248
1182	63946
19	11521
2448	96111
22	9727
248	113079
1	31
1	7383
32	23077
26	11926
2101	110467
115	20531
2	501
2678	145346
0	2414
1	6133
