real	estimada
0	0
518	88169
3339	93259
2223	167428
1	3712
0	15
52	21273
1	2754
1589	163129
1502	54222
141	47424
134	65168
2692	154553
1873	150421
33	8246
1291	78453
1012	37946
3733	127660
1557	75817
2443	146948
27	12497
2288	145858
1597	62182
0	0
1178	44867
117	28416
1633	123495
1755	90494
1	3430
473	115315
1869	91648
482	109110
459	104892
1544	88808
1	126
905	93419
1208	49178
1415	59852
702	27893
1916	120619
1039	39942
90	19423
0	0
1984	125428
1175	47360
1	8984
0	0
1	1310
3334	139495
3264	116252
337	112914
198	27837
1	1007
312	50088
1536	87119
3493	141438
608	81254
1	275
2360	119096
2389	92070
782	27877
960	37653
2545	146406
415	33194
0	0
2	6043
3197	138917
2188	140473
1489	86167
25	6789
947	121922
510	125513
3335	104003
100	12874
3825	144098
1779	106435
4	6140
248	11959
1413	153174
1	1373
25	12027
22	10909
299	58074
1347	98475
1697	105410
1565	80257
546	110804
650	122644
1207	51645
2803	89446
428	18369
958	117972
2081	75194
876	29219
508	44942
86	39238
2277	112664
175	15232
1	65
2199	143423
1	333
196	64205
3368	115396
2279	82357
949	31553
466	105035
2407	123863
501	96059
2	642
0	0
0	0
1794	61236
2369	170587
385	110575
2444	171350
0	0
8	1136
315	21846
209	62459
1	703
7	1386
1808	104337
1165	91007
186	39202
1736	59201
1595	54485
1	641
3736	139250
1178	45900
1105	36764
2	9843
1	1173
1591	90313
2	8169
609	59471
3081	155941
0	0
1	1502
2146	69244
116	9515
756	132730
3719	137350
1	892
1448	87261
3514	108004
1779	60159
1192	56270
3383	95263
2902	165895
1433	68121
1	2
1	3254
1	804
1519	66568
2	8454
1485	49654
0	0
36	12730
500	17982
3039	107582
1821	61881
3922	149927
1	2919
3363	122797
100	32335
576	24088
176	10144
1	5854
2408	141960
2034	170110
1	362
13	4152
253	11498
665	23342
3171	166656
0	0
3711	134530
1379	140664
390	111593
3607	111405
3063	123844
3005	99123
0	0
208	12559
3698	128180
2577	95266
1	15
117	29903
0	0
3008	76158
2578	149232
1	2168
3202	100456
0	0
2353	135082
618	35957
137	15363
1058	40206
907	33852
1475	53617
1255	43100
546	50791
1317	116314
1874	55113
2440	63070
143	65147
1	21
385	41810
858	133916
861	108582
1	2482
2037	169100
1291	42216
988	36526
1796	79427
2575	150198
1	4272
12	3155
1190	72079
0	0
675	20985
0	0
1234	43079
727	29681
2	587
1320	44964
2	3337
2045	103358
651	122259
166	14066
719	25731
913	138268
798	87289
2069	162849
2	7395
1538	109530
4	364
3003	132158
1	1891
2930	155196
2767	117733
0	0
2367	109594
3885	157795
2352	75453
1	4668
3567	113708
2089	75560
2	77
1015	34960
3650	121614
797	26575
659	107403
1	1359
2602	123879
431	46062
4	553
805	30670
2026	70459
33	9273
173	39654
2	10605
127	11887
679	29100
2088	112103
81	18639
2468	84303
1721	103201
3270	155997
1317	35755
0	0
662	26478
114	15395
0	0
1010	53358
1107	54971
2423	140756
978	125780
0	11
1870	107225
103	23439
106	20596
1	935
2627	159810
2	106
225	31060
1	2950
1	1130
217	19072
607	26119
3911	149125
0	0
1	970
733	85699
170	14682
2	222
1598	78374
690	26207
3845	152622
2	7714
1762	148128
3472	126576
3693	134717
1	2325
1	1990
1049	148141
0	0
1637	128747
487	18357
817	132076
2324	170136
8	1292
1	1955
3214	162887
3162	146596
292	13139
1111	36420
63	8221
599	73085
1954	116770
3199	172913
1900	70844
9	2085
498	19917
2	59
5	4237
3657	119780
1218	42188
3715	136786
1	3215
2568	146703
2460	81809
3219	155094
473	72240
454	105671
2	7376
1551	69001
12	2540
3679	133103
1	888
566	125108
166	16374
1489	71053
0	0
1195	40994
579	19199
2221	90514
3721	124230
1459	62860
321	14095
2	5748
288	109099
1057	134463
663	56627
1349	50062
1	3507
466	18616
1594	163227
30	9219
15	4752
2382	104919
163	45340
2390	138073
1	6085
1	1870
1	2592
39	13889
1306	103608
678	58249
3733	126658
1335	47898
1	623
2169	81300
410	56512
328	101513
2186	75127
92	10758
596	76272
38	14243
3713	131737
3170	111861
0	0
867	105136
2423	136454
0	0
2303	61386
373	21025
31	13977
1429	52353
410	75604
1	6401
2	8874
0	0
280	20976
12	5241
139	13800
144	31504
2346	157457
231	67276
490	22021
3446	123061
939	133613
0	0
908	32101
11	2781
0	0
0	0
2596	158353
0	0
195	91100
1	396
1	4398
1161	43056
266	27769
157	10307
32	13544
1	53
497	22702
1	3699
3430	96686
2490	148210
286	13037
3564	111472
3295	111812
1	5101
1	1002
1102	83181
1829	56767
785	28000
598	20557
711	26304
826	68233
302	21651
1132	114027
534	68630
753	37467
835	140516
2	13140
3018	149227
2045	108149
522	22113
3482	139833
0	1665
273	54132
0	0
1448	87493
2022	105434
587	19327
2684	96686
788	32462
662	28627
17	4281
0	0
3529	171190
8	901
468	21421
3460	103436
3171	159488
2508	158717
531	87234
2594	162159
0	0
116	9542
5	708
0	0
1675	104993
2405	155288
3288	115873
16	4946
853	49818
278	13422
119	9687
3559	115656
1366	86465
2677	144143
1	388
1	4609
265	12964
2514	69167
2978	120314
14	3608
2	11153
2622	163350
164	16969
3702	124988
3308	111038
3634	170127
879	107494
1242	98510
113	27706
1	265
90	11041
1	3741
2381	156724
0	0
967	35678
130	9833
1	2587
290	107799
405	98139
