real	estimada
1152	3851
2850	10676
80	2171
1	143
811	2662
223	4651
0	0
37	679
30	527
190	4475
2388	10379
10	143
1835	5594
979	3484
330	1731
335	3629
424	5301
1703	6109
841	6613
1610	4440
315	4777
134	871
707	3367
1188	4247
278	1458
1873	5912
570	5443
202	3056
941	4894
4	52
3212	9785
439	4703
1	97
1	27
1900	9844
175	4289
145	3775
1232	7925
2788	8300
26	469
341	1197
0	0
0	0
2959	9035
1915	6485
164	884
2612	10785
379	1235
271	4961
224	4725
1	22
3	16
1164	3937
2408	6626
1640	6688
0	168
0	0
870	7132
2	262
1673	6872
2	196
2094	7594
1	270
2999	8713
2	438
1	156
368	1726
402	1295
1114	6865
233	1836
1	310
116	2836
829	6968
2128	7486
47	1374
0	0
2535	10698
1492	8160
664	2681
1099	7690
9	145
106	1123
964	3321
30	521
1670	7178
1750	6192
1	64
716	3365
922	6484
2271	9638
1	1
500	5869
830	7009
0	0
1486	6527
2104	10159
118	2382
118	1678
0	138
1404	4914
0	54
0	0
19	320
269	4153
892	6818
1830	6682
20	397
1	124
175	1557
1558	6270
0	0
1	39
110	515
1	52
1091	4292
323	5341
4	43
2934	10833
2	432
1095	3647
150	620
2405	8286
454	5603
24	483
841	7092
594	4009
3046	8847
2898	10752
855	6515
1	75
103	670
2888	8905
87	2538
11	113
12	192
322	1355
445	5428
871	6820
180	1101
1	185
1380	3735
0	0
17	259
855	6097
2550	8629
403	4005
681	6203
2798	10961
136	3459
665	5159
1586	5667
85	950
610	1814
96	1417
216	903
432	3982
181	3947
2001	8840
1957	8267
10	211
570	2505
76	1787
258	5040
253	2525
1417	6226
94	683
2	31
1447	5192
48	366
247	2950
1	50
1423	4509
1	63
1694	9383
2	22
9	140
1879	6548
17	322
1	142
75	500
0	0
369	1264
2145	9162
1038	3307
466	4259
2862	10936
0	0
748	5368
78	443
1	11
1084	3734
351	3956
5	152
293	4133
914	2958
1042	5601
838	3036
254	2598
725	2407
0	0
321	2624
2005	7298
1082	3666
873	2725
265	2728
0	0
1	27
686	6732
1692	5643
145	635
2875	10847
1	34
1738	4588
2890	10847
133	776
2019	5984
2305	9878
1123	5536
0	0
366	1331
1409	5058
294	4296
1319	8570
1056	3336
0	0
2737	10383
1146	6956
344	2586
312	2677
0	0
2452	8313
1	0
1226	4172
465	4926
809	2700
1	114
1701	4920
18	340
1917	8307
1	223
2798	9824
518	2957
87	602
16	306
2064	8793
1	56
1	148
376	3448
183	2867
1	70
300	2199
0	0
227	806
638	1914
115	531
2164	7883
1	19
233	4589
2	432
1408	8803
1	23
1474	6144
161	4145
1	25
1	65
606	4828
1609	4308
857	6735
2918	8670
353	1361
1105	3427
1020	4573
1328	8089
1071	5671
212	4463
322	833
511	1933
171	930
796	2527
33	344
5	35
35	1196
1	3
935	6051
10	166
2927	8458
21	292
800	2526
6	88
2	469
1491	7474
2933	9491
36	205
2	241
344	1757
39	656
1404	4575
499	1921
1	52
13	196
808	2610
1	0
374	2644
33	429
1492	5568
2442	7930
99	2887
108	1361
60	436
1747	9535
2	183
413	4806
0	0
839	6695
598	1771
1646	7280
875	2840
1359	4603
1509	6923
1	6
379	1446
1	9
1	198
864	3154
2790	7745
236	3302
1836	6392
1	108
1352	6936
1262	3950
1451	5773
2018	7904
266	2142
2638	9277
2000	9579
842	4074
757	2382
1	11
750	5414
209	2725
1919	6838
382	3406
1283	3602
1	156
2	5
0	0
2141	8941
537	5182
72	567
1	40
2	6
17	236
462	3288
2360	10298
23	291
553	6052
1	1
1091	3700
767	6057
719	5179
1850	5942
2047	6295
108	735
350	1355
1469	5873
52	1027
2028	8595
565	1713
1135	3997
235	4851
1	64
0	0
520	2552
9	157
43	759
44	439
1	2
1	131
229	784
1630	5895
28	413
111	1368
2953	8729
2415	6648
636	5898
2118	7648
293	1020
735	6180
363	3328
533	5624
380	1934
1363	7352
1084	3345
197	4508
77	1931
1	2
1320	4672
1290	4017
557	5187
187	4418
270	4364
1	36
1880	5721
1645	9011
674	2158
238	3195
1548	8921
1	138
0	0
1	15
210	1025
668	5948
1	69
2882	10969
0	247
1	132
130	3741
534	4320
1462	5456
1082	3409
106	1781
1100	3763
582	5585
246	990
2162	9195
1	0
1252	5381
729	2394
2326	6878
1637	9337
1958	6849
1239	4905
225	742
1	205
246	3481
1	313
1542	6473
1	44
267	3828
2	153
35	649
213	2439
101	3013
1201	6901
1	229
184	2790
1	36
0	0
15	226
1208	8130
1412	5005
19	241
37	354
1	19
173	1522
1082	3587
106	687
13	313
2834	9842
2493	9995
1	42
0	0
93	584
7	79
2581	7470
2985	9001
2159	9045
2377	7633
1	40
297	3975
1	25
36	427
1064	3987
3130	9523
152	550
105	1213
1	1
1	105
1479	7686
0	0
1960	7287
16	239
2017	7289
198	4268
3188	10236
1	296
1	34
2	218
2745	10937
1496	5341
0	0
20	282
1	62
447	1598
926	5057
1588	4901
110	1021
1	114
2	11
68	1671
