 -78.00092  -34.47413 0.000000
 -78.00092  -33.41227 0.000000
 -78.00092  -32.35042 0.000000
 -78.00092  -31.28857 0.000000
 -78.00092  -30.22672 0.000000
 -78.00092  -29.16486 0.000000
 -78.00092  -28.10301 0.000000
 -78.00092  -27.04116 0.000000
 -78.00092  -25.97930 0.000000
 -78.00092  -24.91745 0.000000
 -78.00092  -23.85560 0.000000
 -78.00092  -22.79374 0.000000
 -78.00092  -21.73189 0.000000
 -78.00092  -20.67004 0.000000
 -78.00092  -19.60818 0.000000
 -78.00092  -18.54633 0.000000
 -78.00092  -17.48448 0.000000
 -78.00092  -16.42262 0.000000
 -78.00092  -15.36077 0.000000
 -78.00092  -14.29892 0.000000
 -78.00092  -13.23706 0.000000
 -78.00092  -12.17521 18.302817
 -78.00092  -11.11336 95.579947
 -78.00092  -10.05150 258.700289
 -78.00092   -8.98965 204.213576
 -78.00092   -7.92780 71.895420
 -78.00092   -6.86594 100.819744
 -78.00092   -5.80409 97.776997
 -78.00092   -4.74224 80.988866
 -78.00092   -3.68039 0.000000
 -78.00092   -2.61853 0.000000
 -78.00092   -1.55668 0.000000
 -78.00092   -0.49483 0.000000
 -78.00092    0.56703 0.000000
 -78.00092    1.62888 0.000000
 -78.00092    2.69073 0.000000
 -78.00092    3.75259 0.000000
 -78.00092    4.81444 0.000000
 -78.00092    5.87629 0.000000
 -78.00092    6.93815 0.000000
 -76.92062  -34.47413 0.000000
 -76.92062  -33.41227 0.000000
 -76.92062  -32.35042 0.000000
 -76.92062  -31.28857 0.000000
 -76.92062  -30.22672 0.000000
 -76.92062  -29.16486 0.000000
 -76.92062  -28.10301 0.000000
 -76.92062  -27.04116 0.000000
 -76.92062  -25.97930 0.000000
 -76.92062  -24.91745 0.000000
 -76.92062  -23.85560 0.000000
 -76.92062  -22.79374 0.000000
 -76.92062  -21.73189 0.000000
 -76.92062  -20.67004 0.000000
 -76.92062  -19.60818 0.000000
 -76.92062  -18.54633 0.000000
 -76.92062  -17.48448 0.000000
 -76.92062  -16.42262 0.000000
 -76.92062  -15.36077 0.000000
 -76.92062  -14.29892 0.000000
 -76.92062  -13.23706 0.000000
 -76.92062  -12.17521 151.187801
 -76.92062  -11.11336 151.987206
 -76.92062  -10.05150 184.280768
 -76.92062   -8.98965 93.685336
 -76.92062   -7.92780 62.427394
 -76.92062   -6.86594 87.355012
 -76.92062   -5.80409 109.722440
 -76.92062   -4.74224 97.067812
 -76.92062   -3.68039 0.000000
 -76.92062   -2.61853 0.000000
 -76.92062   -1.55668 0.000000
 -76.92062   -0.49483 0.000000
 -76.92062    0.56703 0.000000
 -76.92062    1.62888 0.000000
 -76.92062    2.69073 0.000000
 -76.92062    3.75259 0.000000
 -76.92062    4.81444 0.000000
 -76.92062    5.87629 0.000000
 -76.92062    6.93815 0.000000
 -75.84032  -34.47413 0.000000
 -75.84032  -33.41227 0.000000
 -75.84032  -32.35042 0.000000
 -75.84032  -31.28857 0.000000
 -75.84032  -30.22672 0.000000
 -75.84032  -29.16486 0.000000
 -75.84032  -28.10301 0.000000
 -75.84032  -27.04116 0.000000
 -75.84032  -25.97930 0.000000
 -75.84032  -24.91745 0.000000
 -75.84032  -23.85560 0.000000
 -75.84032  -22.79374 0.000000
 -75.84032  -21.73189 0.000000
 -75.84032  -20.67004 0.000000
 -75.84032  -19.60818 0.000000
 -75.84032  -18.54633 0.000000
 -75.84032  -17.48448 0.000000
 -75.84032  -16.42262 0.000000
 -75.84032  -15.36077 0.000000
 -75.84032  -14.29892 0.000000
 -75.84032  -13.23706 0.000000
 -75.84032  -12.17521 176.079344
 -75.84032  -11.11336 225.059615
 -75.84032  -10.05150 166.972367
 -75.84032   -8.98965 124.877609
 -75.84032   -7.92780 150.679564
 -75.84032   -6.86594 125.357772
 -75.84032   -5.80409 105.624039
 -75.84032   -4.74224 55.475054
 -75.84032   -3.68039 0.000000
 -75.84032   -2.61853 0.000000
 -75.84032   -1.55668 0.000000
 -75.84032   -0.49483 0.000000
 -75.84032    0.56703 0.000000
 -75.84032    1.62888 0.000000
 -75.84032    2.69073 0.000000
 -75.84032    3.75259 0.000000
 -75.84032    4.81444 0.000000
 -75.84032    5.87629 0.000000
 -75.84032    6.93815 0.000000
 -74.76002  -34.47413 0.000000
 -74.76002  -33.41227 0.000000
 -74.76002  -32.35042 0.000000
 -74.76002  -31.28857 0.000000
 -74.76002  -30.22672 0.000000
 -74.76002  -29.16486 0.000000
 -74.76002  -28.10301 0.000000
 -74.76002  -27.04116 0.000000
 -74.76002  -25.97930 0.000000
 -74.76002  -24.91745 0.000000
 -74.76002  -23.85560 0.000000
 -74.76002  -22.79374 0.000000
 -74.76002  -21.73189 0.000000
 -74.76002  -20.67004 0.000000
 -74.76002  -19.60818 0.000000
 -74.76002  -18.54633 0.000000
 -74.76002  -17.48448 0.000000
 -74.76002  -16.42262 0.000000
 -74.76002  -15.36077 0.000000
 -74.76002  -14.29892 0.000000
 -74.76002  -13.23706 0.000000
 -74.76002  -12.17521 103.794971
 -74.76002  -11.11336 180.760501
 -74.76002  -10.05150 126.518932
 -74.76002   -8.98965 100.960031
 -74.76002   -7.92780 196.717580
 -74.76002   -6.86594 108.256742
 -74.76002   -5.80409 64.917282
 -74.76002   -4.74224 26.874138
 -74.76002   -3.68039 0.000000
 -74.76002   -2.61853 0.000000
 -74.76002   -1.55668 0.000000
 -74.76002   -0.49483 0.000000
 -74.76002    0.56703 0.000000
 -74.76002    1.62888 0.000000
 -74.76002    2.69073 0.000000
 -74.76002    3.75259 0.000000
 -74.76002    4.81444 0.000000
 -74.76002    5.87629 0.000000
 -74.76002    6.93815 0.000000
 -73.67972  -34.47413 0.000000
 -73.67972  -33.41227 0.000000
 -73.67972  -32.35042 0.000000
 -73.67972  -31.28857 0.000000
 -73.67972  -30.22672 0.000000
 -73.67972  -29.16486 0.000000
 -73.67972  -28.10301 0.000000
 -73.67972  -27.04116 0.000000
 -73.67972  -25.97930 0.000000
 -73.67972  -24.91745 0.000000
 -73.67972  -23.85560 0.000000
 -73.67972  -22.79374 0.000000
 -73.67972  -21.73189 0.000000
 -73.67972  -20.67004 0.000000
 -73.67972  -19.60818 0.000000
 -73.67972  -18.54633 0.000000
 -73.67972  -17.48448 0.000000
 -73.67972  -16.42262 0.000000
 -73.67972  -15.36077 0.000000
 -73.67972  -14.29892 0.000000
 -73.67972  -13.23706 0.000000
 -73.67972  -12.17521 127.745298
 -73.67972  -11.11336 160.893191
 -73.67972  -10.05150 142.324359
 -73.67972   -8.98965 205.409177
 -73.67972   -7.92780 345.905616
 -73.67972   -6.86594 268.823462
 -73.67972   -5.80409 104.157480
 -73.67972   -4.74224 32.275034
 -73.67972   -3.68039 0.000000
 -73.67972   -2.61853 0.000000
 -73.67972   -1.55668 0.000000
 -73.67972   -0.49483 0.000000
 -73.67972    0.56703 0.000000
 -73.67972    1.62888 0.000000
 -73.67972    2.69073 0.000000
 -73.67972    3.75259 0.000000
 -73.67972    4.81444 0.000000
 -73.67972    5.87629 0.000000
 -73.67972    6.93815 0.000000
 -72.59943  -34.47413 0.000000
 -72.59943  -33.41227 0.000000
 -72.59943  -32.35042 0.000000
 -72.59943  -31.28857 0.000000
 -72.59943  -30.22672 0.000000
 -72.59943  -29.16486 0.000000
 -72.59943  -28.10301 0.000000
 -72.59943  -27.04116 0.000000
 -72.59943  -25.97930 0.000000
 -72.59943  -24.91745 0.000000
 -72.59943  -23.85560 0.000000
 -72.59943  -22.79374 0.000000
 -72.59943  -21.73189 0.000000
 -72.59943  -20.67004 0.000000
 -72.59943  -19.60818 0.000000
 -72.59943  -18.54633 0.000000
 -72.59943  -17.48448 0.000000
 -72.59943  -16.42262 0.000000
 -72.59943  -15.36077 0.000000
 -72.59943  -14.29892 0.000000
 -72.59943  -13.23706 0.000000
 -72.59943  -12.17521 102.114244
 -72.59943  -11.11336 134.981107
 -72.59943  -10.05150 229.017796
 -72.59943   -8.98965 321.688180
 -72.59943   -7.92780 336.985621
 -72.59943   -6.86594 284.656899
 -72.59943   -5.80409 281.681349
 -72.59943   -4.74224 88.754516
 -72.59943   -3.68039 15.122741
 -72.59943   -2.61853 41.210280
 -72.59943   -1.55668 31.944109
 -72.59943   -0.49483 26.295445
 -72.59943    0.56703 23.400174
 -72.59943    1.62888 14.387443
 -72.59943    2.69073 16.006092
 -72.59943    3.75259 2.806646
 -72.59943    4.81444 0.000000
 -72.59943    5.87629 0.000000
 -72.59943    6.93815 0.000000
 -71.51913  -34.47413 0.000000
 -71.51913  -33.41227 0.000000
 -71.51913  -32.35042 0.000000
 -71.51913  -31.28857 0.000000
 -71.51913  -30.22672 0.000000
 -71.51913  -29.16486 0.000000
 -71.51913  -28.10301 0.000000
 -71.51913  -27.04116 0.000000
 -71.51913  -25.97930 0.000000
 -71.51913  -24.91745 0.000000
 -71.51913  -23.85560 0.000000
 -71.51913  -22.79374 0.000000
 -71.51913  -21.73189 0.000000
 -71.51913  -20.67004 0.000000
 -71.51913  -19.60818 0.000000
 -71.51913  -18.54633 0.000000
 -71.51913  -17.48448 0.000000
 -71.51913  -16.42262 0.000000
 -71.51913  -15.36077 0.000000
 -71.51913  -14.29892 0.000000
 -71.51913  -13.23706 0.000000
 -71.51913  -12.17521 30.131702
 -71.51913  -11.11336 117.853217
 -71.51913  -10.05150 322.725135
 -71.51913   -8.98965 503.868258
 -71.51913   -7.92780 337.401079
 -71.51913   -6.86594 355.592563
 -71.51913   -5.80409 319.229447
 -71.51913   -4.74224 239.625995
 -71.51913   -3.68039 39.069162
 -71.51913   -2.61853 91.632204
 -71.51913   -1.55668 91.062653
 -71.51913   -0.49483 77.123238
 -71.51913    0.56703 45.873334
 -71.51913    1.62888 38.060989
 -71.51913    2.69073 42.359708
 -71.51913    3.75259 9.551391
 -71.51913    4.81444 0.000000
 -71.51913    5.87629 0.000000
 -71.51913    6.93815 0.000000
 -70.43883  -34.47413 0.000000
 -70.43883  -33.41227 0.000000
 -70.43883  -32.35042 0.000000
 -70.43883  -31.28857 0.000000
 -70.43883  -30.22672 0.000000
 -70.43883  -29.16486 0.000000
 -70.43883  -28.10301 0.000000
 -70.43883  -27.04116 0.000000
 -70.43883  -25.97930 0.000000
 -70.43883  -24.91745 0.000000
 -70.43883  -23.85560 0.000000
 -70.43883  -22.79374 0.000000
 -70.43883  -21.73189 0.000000
 -70.43883  -20.67004 0.000000
 -70.43883  -19.60818 0.000000
 -70.43883  -18.54633 0.000000
 -70.43883  -17.48448 0.000000
 -70.43883  -16.42262 0.000000
 -70.43883  -15.36077 0.000000
 -70.43883  -14.29892 0.000000
 -70.43883  -13.23706 0.000000
 -70.43883  -12.17521 29.495786
 -70.43883  -11.11336 320.953304
 -70.43883  -10.05150 361.707093
 -70.43883   -8.98965 388.719159
 -70.43883   -7.92780 412.403557
 -70.43883   -6.86594 401.171847
 -70.43883   -5.80409 346.381515
 -70.43883   -4.74224 422.676073
 -70.43883   -3.68039 195.711766
 -70.43883   -2.61853 123.356247
 -70.43883   -1.55668 123.691551
 -70.43883   -0.49483 235.400199
 -70.43883    0.56703 132.740247
 -70.43883    1.62888 58.954564
 -70.43883    2.69073 24.904239
 -70.43883    3.75259 6.944040
 -70.43883    4.81444 0.000000
 -70.43883    5.87629 0.000000
 -70.43883    6.93815 0.000000
 -69.35853  -34.47413 0.000000
 -69.35853  -33.41227 0.000000
 -69.35853  -32.35042 0.000000
 -69.35853  -31.28857 0.000000
 -69.35853  -30.22672 0.000000
 -69.35853  -29.16486 0.000000
 -69.35853  -28.10301 0.000000
 -69.35853  -27.04116 0.000000
 -69.35853  -25.97930 0.000000
 -69.35853  -24.91745 0.000000
 -69.35853  -23.85560 0.000000
 -69.35853  -22.79374 0.000000
 -69.35853  -21.73189 0.000000
 -69.35853  -20.67004 0.000000
 -69.35853  -19.60818 0.000000
 -69.35853  -18.54633 0.000000
 -69.35853  -17.48448 0.000000
 -69.35853  -16.42262 0.000000
 -69.35853  -15.36077 0.000000
 -69.35853  -14.29892 0.000000
 -69.35853  -13.23706 0.000000
 -69.35853  -12.17521 41.920901
 -69.35853  -11.11336 203.052145
 -69.35853  -10.05150 281.326879
 -69.35853   -8.98965 396.046627
 -69.35853   -7.92780 330.953300
 -69.35853   -6.86594 461.898774
 -69.35853   -5.80409 358.516474
 -69.35853   -4.74224 454.829154
 -69.35853   -3.68039 336.735842
 -69.35853   -2.61853 380.224756
 -69.35853   -1.55668 293.854720
 -69.35853   -0.49483 374.663924
 -69.35853    0.56703 339.476824
 -69.35853    1.62888 58.813869
 -69.35853    2.69073 34.746478
 -69.35853    3.75259 6.468590
 -69.35853    4.81444 0.000000
 -69.35853    5.87629 0.000000
 -69.35853    6.93815 0.000000
 -68.27823  -34.47413 0.000000
 -68.27823  -33.41227 0.000000
 -68.27823  -32.35042 0.000000
 -68.27823  -31.28857 0.000000
 -68.27823  -30.22672 0.000000
 -68.27823  -29.16486 0.000000
 -68.27823  -28.10301 0.000000
 -68.27823  -27.04116 0.000000
 -68.27823  -25.97930 0.000000
 -68.27823  -24.91745 0.000000
 -68.27823  -23.85560 0.000000
 -68.27823  -22.79374 0.000000
 -68.27823  -21.73189 0.000000
 -68.27823  -20.67004 0.000000
 -68.27823  -19.60818 0.000000
 -68.27823  -18.54633 0.000000
 -68.27823  -17.48448 0.000000
 -68.27823  -16.42262 0.000000
 -68.27823  -15.36077 0.000000
 -68.27823  -14.29892 0.000000
 -68.27823  -13.23706 0.000000
 -68.27823  -12.17521 35.070849
 -68.27823  -11.11336 136.989284
 -68.27823  -10.05150 264.679747
 -68.27823   -8.98965 290.391797
 -68.27823   -7.92780 286.020831
 -68.27823   -6.86594 451.188007
 -68.27823   -5.80409 512.985962
 -68.27823   -4.74224 474.893662
 -68.27823   -3.68039 407.640550
 -68.27823   -2.61853 403.700164
 -68.27823   -1.55668 337.694620
 -68.27823   -0.49483 361.698297
 -68.27823    0.56703 385.250873
 -68.27823    1.62888 200.989100
 -68.27823    2.69073 72.434602
 -68.27823    3.75259 17.206078
 -68.27823    4.81444 0.000000
 -68.27823    5.87629 0.000000
 -68.27823    6.93815 0.000000
 -67.19793  -34.47413 0.000000
 -67.19793  -33.41227 0.000000
 -67.19793  -32.35042 0.000000
 -67.19793  -31.28857 0.000000
 -67.19793  -30.22672 0.000000
 -67.19793  -29.16486 0.000000
 -67.19793  -28.10301 0.000000
 -67.19793  -27.04116 0.000000
 -67.19793  -25.97930 0.000000
 -67.19793  -24.91745 0.000000
 -67.19793  -23.85560 0.000000
 -67.19793  -22.79374 0.000000
 -67.19793  -21.73189 0.000000
 -67.19793  -20.67004 0.000000
 -67.19793  -19.60818 0.000000
 -67.19793  -18.54633 0.000000
 -67.19793  -17.48448 0.000000
 -67.19793  -16.42262 0.000000
 -67.19793  -15.36077 0.000000
 -67.19793  -14.29892 0.000000
 -67.19793  -13.23706 0.000000
 -67.19793  -12.17521 29.169713
 -67.19793  -11.11336 82.785514
 -67.19793  -10.05150 183.567879
 -67.19793   -8.98965 170.139958
 -67.19793   -7.92780 332.798398
 -67.19793   -6.86594 506.778222
 -67.19793   -5.80409 570.408533
 -67.19793   -4.74224 582.294174
 -67.19793   -3.68039 479.673891
 -67.19793   -2.61853 347.093879
 -67.19793   -1.55668 341.407306
 -67.19793   -0.49483 364.675911
 -67.19793    0.56703 271.324226
 -67.19793    1.62888 133.175528
 -67.19793    2.69073 89.409237
 -67.19793    3.75259 18.138392
 -67.19793    4.81444 0.000000
 -67.19793    5.87629 0.000000
 -67.19793    6.93815 0.000000
 -66.11764  -34.47413 0.000000
 -66.11764  -33.41227 0.000000
 -66.11764  -32.35042 0.000000
 -66.11764  -31.28857 0.000000
 -66.11764  -30.22672 0.000000
 -66.11764  -29.16486 0.000000
 -66.11764  -28.10301 0.000000
 -66.11764  -27.04116 0.000000
 -66.11764  -25.97930 0.000000
 -66.11764  -24.91745 0.000000
 -66.11764  -23.85560 0.000000
 -66.11764  -22.79374 0.000000
 -66.11764  -21.73189 0.000000
 -66.11764  -20.67004 0.000000
 -66.11764  -19.60818 0.000000
 -66.11764  -18.54633 0.000000
 -66.11764  -17.48448 0.000000
 -66.11764  -16.42262 19.485638
 -66.11764  -15.36077 75.946979
 -66.11764  -14.29892 179.903112
 -66.11764  -13.23706 214.576442
 -66.11764  -12.17521 115.591124
 -66.11764  -11.11336 173.595618
 -66.11764  -10.05150 112.635882
 -66.11764   -8.98965 420.194429
 -66.11764   -7.92780 227.127776
 -66.11764   -6.86594 347.919759
 -66.11764   -5.80409 454.247119
 -66.11764   -4.74224 432.462906
 -66.11764   -3.68039 417.963835
 -66.11764   -2.61853 433.995126
 -66.11764   -1.55668 294.928741
 -66.11764   -0.49483 298.040591
 -66.11764    0.56703 255.427958
 -66.11764    1.62888 135.422981
 -66.11764    2.69073 175.265524
 -66.11764    3.75259 78.001776
 -66.11764    4.81444 42.785911
 -66.11764    5.87629 19.146755
 -66.11764    6.93815 22.235753
 -65.03734  -34.47413 0.000000
 -65.03734  -33.41227 0.000000
 -65.03734  -32.35042 0.000000
 -65.03734  -31.28857 0.000000
 -65.03734  -30.22672 0.000000
 -65.03734  -29.16486 0.000000
 -65.03734  -28.10301 0.000000
 -65.03734  -27.04116 0.000000
 -65.03734  -25.97930 0.000000
 -65.03734  -24.91745 0.000000
 -65.03734  -23.85560 0.000000
 -65.03734  -22.79374 0.000000
 -65.03734  -21.73189 0.000000
 -65.03734  -20.67004 0.000000
 -65.03734  -19.60818 0.000000
 -65.03734  -18.54633 0.000000
 -65.03734  -17.48448 0.000000
 -65.03734  -16.42262 37.699357
 -65.03734  -15.36077 52.934544
 -65.03734  -14.29892 144.137233
 -65.03734  -13.23706 273.386363
 -65.03734  -12.17521 239.039455
 -65.03734  -11.11336 229.709759
 -65.03734  -10.05150 172.353749
 -65.03734   -8.98965 285.828711
 -65.03734   -7.92780 187.321332
 -65.03734   -6.86594 339.606527
 -65.03734   -5.80409 344.335138
 -65.03734   -4.74224 395.971008
 -65.03734   -3.68039 468.722740
 -65.03734   -2.61853 337.597610
 -65.03734   -1.55668 247.718790
 -65.03734   -0.49483 289.304721
 -65.03734    0.56703 244.064838
 -65.03734    1.62888 227.375448
 -65.03734    2.69073 300.450430
 -65.03734    3.75259 141.646050
 -65.03734    4.81444 35.602564
 -65.03734    5.87629 31.310667
 -65.03734    6.93815 12.151799
 -63.95704  -34.47413 0.000000
 -63.95704  -33.41227 0.000000
 -63.95704  -32.35042 0.000000
 -63.95704  -31.28857 0.000000
 -63.95704  -30.22672 0.000000
 -63.95704  -29.16486 0.000000
 -63.95704  -28.10301 0.000000
 -63.95704  -27.04116 0.000000
 -63.95704  -25.97930 0.000000
 -63.95704  -24.91745 0.000000
 -63.95704  -23.85560 0.000000
 -63.95704  -22.79374 0.000000
 -63.95704  -21.73189 0.000000
 -63.95704  -20.67004 0.000000
 -63.95704  -19.60818 0.000000
 -63.95704  -18.54633 0.000000
 -63.95704  -17.48448 0.000000
 -63.95704  -16.42262 32.368604
 -63.95704  -15.36077 112.144052
 -63.95704  -14.29892 102.998109
 -63.95704  -13.23706 180.105531
 -63.95704  -12.17521 315.279878
 -63.95704  -11.11336 163.091357
 -63.95704  -10.05150 290.082023
 -63.95704   -8.98965 455.856801
 -63.95704   -7.92780 161.860799
 -63.95704   -6.86594 231.145444
 -63.95704   -5.80409 408.056072
 -63.95704   -4.74224 526.899094
 -63.95704   -3.68039 406.625895
 -63.95704   -2.61853 304.237888
 -63.95704   -1.55668 313.436825
 -63.95704   -0.49483 336.082656
 -63.95704    0.56703 282.627669
 -63.95704    1.62888 583.349275
 -63.95704    2.69073 509.647239
 -63.95704    3.75259 93.420779
 -63.95704    4.81444 33.985464
 -63.95704    5.87629 14.631788
 -63.95704    6.93815 12.786803
 -62.87674  -34.47413 0.000000
 -62.87674  -33.41227 0.000000
 -62.87674  -32.35042 0.000000
 -62.87674  -31.28857 0.000000
 -62.87674  -30.22672 0.000000
 -62.87674  -29.16486 0.000000
 -62.87674  -28.10301 0.000000
 -62.87674  -27.04116 0.000000
 -62.87674  -25.97930 0.000000
 -62.87674  -24.91745 0.000000
 -62.87674  -23.85560 0.000000
 -62.87674  -22.79374 0.000000
 -62.87674  -21.73189 0.000000
 -62.87674  -20.67004 0.000000
 -62.87674  -19.60818 0.000000
 -62.87674  -18.54633 0.000000
 -62.87674  -17.48448 0.000000
 -62.87674  -16.42262 44.459640
 -62.87674  -15.36077 111.547650
 -62.87674  -14.29892 112.793677
 -62.87674  -13.23706 261.967021
 -62.87674  -12.17521 267.372656
 -62.87674  -11.11336 257.902917
 -62.87674  -10.05150 361.595076
 -62.87674   -8.98965 547.075795
 -62.87674   -7.92780 54.931583
 -62.87674   -6.86594 270.993261
 -62.87674   -5.80409 373.694802
 -62.87674   -4.74224 568.300277
 -62.87674   -3.68039 274.149895
 -62.87674   -2.61853 287.426913
 -62.87674   -1.55668 279.799857
 -62.87674   -0.49483 286.121126
 -62.87674    0.56703 428.398981
 -62.87674    1.62888 659.596556
 -62.87674    2.69073 1033.990239
 -62.87674    3.75259 152.998901
 -62.87674    4.81444 34.406659
 -62.87674    5.87629 27.781035
 -62.87674    6.93815 11.818371
 -61.79644  -34.47413 0.000000
 -61.79644  -33.41227 0.000000
 -61.79644  -32.35042 0.000000
 -61.79644  -31.28857 0.000000
 -61.79644  -30.22672 0.000000
 -61.79644  -29.16486 0.000000
 -61.79644  -28.10301 0.000000
 -61.79644  -27.04116 0.000000
 -61.79644  -25.97930 0.000000
 -61.79644  -24.91745 0.000000
 -61.79644  -23.85560 0.000000
 -61.79644  -22.79374 0.000000
 -61.79644  -21.73189 0.000000
 -61.79644  -20.67004 0.000000
 -61.79644  -19.60818 0.000000
 -61.79644  -18.54633 0.000000
 -61.79644  -17.48448 0.000000
 -61.79644  -16.42262 36.480381
 -61.79644  -15.36077 74.865833
 -61.79644  -14.29892 140.372383
 -61.79644  -13.23706 239.170949
 -61.79644  -12.17521 241.759479
 -61.79644  -11.11336 378.413958
 -61.79644  -10.05150 406.357836
 -61.79644   -8.98965 466.399960
 -61.79644   -7.92780 108.344192
 -61.79644   -6.86594 187.676425
 -61.79644   -5.80409 276.194023
 -61.79644   -4.74224 505.363668
 -61.79644   -3.68039 402.087183
 -61.79644   -2.61853 301.043854
 -61.79644   -1.55668 321.005674
 -61.79644   -0.49483 338.915401
 -61.79644    0.56703 341.135219
 -61.79644    1.62888 599.116123
 -61.79644    2.69073 746.496518
 -61.79644    3.75259 223.121524
 -61.79644    4.81444 71.470440
 -61.79644    5.87629 46.466757
 -61.79644    6.93815 43.243664
 -60.71614  -34.47413 0.000000
 -60.71614  -33.41227 0.000000
 -60.71614  -32.35042 11.243288
 -60.71614  -31.28857 32.737056
 -60.71614  -30.22672 43.734338
 -60.71614  -29.16486 8.884707
 -60.71614  -28.10301 8.849151
 -60.71614  -27.04116 4.401765
 -60.71614  -25.97930 4.428452
 -60.71614  -24.91745 5.298388
 -60.71614  -23.85560 9.139509
 -60.71614  -22.79374 2.526539
 -60.71614  -21.73189 4.928791
 -60.71614  -20.67004 7.335177
 -60.71614  -19.60818 0.024514
 -60.71614  -18.54633 3.008283
 -60.71614  -17.48448 0.022442
 -60.71614  -16.42262 165.735892
 -60.71614  -15.36077 244.440198
 -60.71614  -14.29892 212.469618
 -60.71614  -13.23706 265.546286
 -60.71614  -12.17521 336.454292
 -60.71614  -11.11336 408.624247
 -60.71614  -10.05150 487.403258
 -60.71614   -8.98965 493.927811
 -60.71614   -7.92780 191.741753
 -60.71614   -6.86594 224.124034
 -60.71614   -5.80409 353.748380
 -60.71614   -4.74224 448.802719
 -60.71614   -3.68039 458.509800
 -60.71614   -2.61853 394.159980
 -60.71614   -1.55668 277.317934
 -60.71614   -0.49483 305.809935
 -60.71614    0.56703 401.729098
 -60.71614    1.62888 446.653988
 -60.71614    2.69073 514.715897
 -60.71614    3.75259 260.500203
 -60.71614    4.81444 160.381639
 -60.71614    5.87629 60.459520
 -60.71614    6.93815 69.310958
 -59.63585  -34.47413 0.000000
 -59.63585  -33.41227 0.000000
 -59.63585  -32.35042 61.996539
 -59.63585  -31.28857 83.749496
 -59.63585  -30.22672 88.912777
 -59.63585  -29.16486 76.088620
 -59.63585  -28.10301 49.350116
 -59.63585  -27.04116 26.743726
 -59.63585  -25.97930 9.548992
 -59.63585  -24.91745 12.160984
 -59.63585  -23.85560 19.148985
 -59.63585  -22.79374 17.924445
 -59.63585  -21.73189 15.105285
 -59.63585  -20.67004 26.244422
 -59.63585  -19.60818 13.547510
 -59.63585  -18.54633 12.661889
 -59.63585  -17.48448 20.119967
 -59.63585  -16.42262 303.952690
 -59.63585  -15.36077 197.187808
 -59.63585  -14.29892 113.860962
 -59.63585  -13.23706 276.816963
 -59.63585  -12.17521 404.891299
 -59.63585  -11.11336 415.609476
 -59.63585  -10.05150 639.974315
 -59.63585   -8.98965 678.470145
 -59.63585   -7.92780 160.596668
 -59.63585   -6.86594 236.385533
 -59.63585   -5.80409 331.413313
 -59.63585   -4.74224 451.001101
 -59.63585   -3.68039 540.746048
 -59.63585   -2.61853 718.877163
 -59.63585   -1.55668 270.999019
 -59.63585   -0.49483 260.928599
 -59.63585    0.56703 301.039224
 -59.63585    1.62888 88.662681
 -59.63585    2.69073 76.551309
 -59.63585    3.75259 13.041574
 -59.63585    4.81444 0.000000
 -59.63585    5.87629 0.000000
 -59.63585    6.93815 0.000000
 -58.55555  -34.47413 0.000000
 -58.55555  -33.41227 0.000000
 -58.55555  -32.35042 39.673222
 -58.55555  -31.28857 84.977610
 -58.55555  -30.22672 78.298191
 -58.55555  -29.16486 38.837885
 -58.55555  -28.10301 14.768089
 -58.55555  -27.04116 6.953754
 -58.55555  -25.97930 8.010058
 -58.55555  -24.91745 9.858836
 -58.55555  -23.85560 27.963019
 -58.55555  -22.79374 79.206709
 -58.55555  -21.73189 100.565817
 -58.55555  -20.67004 208.689992
 -58.55555  -19.60818 98.321059
 -58.55555  -18.54633 206.601085
 -58.55555  -17.48448 305.001049
 -58.55555  -16.42262 209.018287
 -58.55555  -15.36077 217.020117
 -58.55555  -14.29892 102.617991
 -58.55555  -13.23706 355.840121
 -58.55555  -12.17521 414.465201
 -58.55555  -11.11336 484.014845
 -58.55555  -10.05150 567.544725
 -58.55555   -8.98965 743.257805
 -58.55555   -7.92780 210.978950
 -58.55555   -6.86594 198.683986
 -58.55555   -5.80409 324.487869
 -58.55555   -4.74224 523.932155
 -58.55555   -3.68039 300.687880
 -58.55555   -2.61853 530.570287
 -58.55555   -1.55668 346.569597
 -58.55555   -0.49483 233.133382
 -58.55555    0.56703 278.298161
 -58.55555    1.62888 54.043483
 -58.55555    2.69073 45.120838
 -58.55555    3.75259 13.143318
 -58.55555    4.81444 0.000000
 -58.55555    5.87629 0.000000
 -58.55555    6.93815 0.000000
 -57.47525  -34.47413 0.000000
 -57.47525  -33.41227 0.000000
 -57.47525  -32.35042 30.434869
 -57.47525  -31.28857 75.807006
 -57.47525  -30.22672 264.595752
 -57.47525  -29.16486 29.652374
 -57.47525  -28.10301 9.846657
 -57.47525  -27.04116 11.174165
 -57.47525  -25.97930 25.983546
 -57.47525  -24.91745 19.059613
 -57.47525  -23.85560 58.388982
 -57.47525  -22.79374 144.950186
 -57.47525  -21.73189 171.701641
 -57.47525  -20.67004 210.847958
 -57.47525  -19.60818 211.356020
 -57.47525  -18.54633 363.637940
 -57.47525  -17.48448 216.578211
 -57.47525  -16.42262 191.598145
 -57.47525  -15.36077 244.375364
 -57.47525  -14.29892 184.836831
 -57.47525  -13.23706 302.825547
 -57.47525  -12.17521 336.712112
 -57.47525  -11.11336 400.065676
 -57.47525  -10.05150 565.573725
 -57.47525   -8.98965 618.776214
 -57.47525   -7.92780 145.639932
 -57.47525   -6.86594 136.216913
 -57.47525   -5.80409 266.944813
 -57.47525   -4.74224 339.269206
 -57.47525   -3.68039 485.314818
 -57.47525   -2.61853 379.529734
 -57.47525   -1.55668 470.351725
 -57.47525   -0.49483 538.685312
 -57.47525    0.56703 459.119626
 -57.47525    1.62888 146.284581
 -57.47525    2.69073 19.943240
 -57.47525    3.75259 3.752193
 -57.47525    4.81444 0.000000
 -57.47525    5.87629 0.000000
 -57.47525    6.93815 0.000000
 -56.39495  -34.47413 0.000000
 -56.39495  -33.41227 0.000000
 -56.39495  -32.35042 19.238316
 -56.39495  -31.28857 203.471337
 -56.39495  -30.22672 295.358703
 -56.39495  -29.16486 288.345141
 -56.39495  -28.10301 55.663058
 -56.39495  -27.04116 20.601574
 -56.39495  -25.97930 50.783899
 -56.39495  -24.91745 70.305475
 -56.39495  -23.85560 128.324572
 -56.39495  -22.79374 211.770656
 -56.39495  -21.73189 150.446840
 -56.39495  -20.67004 218.651365
 -56.39495  -19.60818 65.860179
 -56.39495  -18.54633 78.523215
 -56.39495  -17.48448 75.234895
 -56.39495  -16.42262 231.104166
 -56.39495  -15.36077 219.074953
 -56.39495  -14.29892 156.939509
 -56.39495  -13.23706 243.165408
 -56.39495  -12.17521 308.576531
 -56.39495  -11.11336 472.594539
 -56.39495  -10.05150 452.227748
 -56.39495   -8.98965 510.203153
 -56.39495   -7.92780 139.087973
 -56.39495   -6.86594 128.817606
 -56.39495   -5.80409 174.846456
 -56.39495   -4.74224 384.841625
 -56.39495   -3.68039 535.286726
 -56.39495   -2.61853 655.558555
 -56.39495   -1.55668 659.001235
 -56.39495   -0.49483 638.632727
 -56.39495    0.56703 407.643898
 -56.39495    1.62888 295.352556
 -56.39495    2.69073 34.905821
 -56.39495    3.75259 4.727341
 -56.39495    4.81444 0.000000
 -56.39495    5.87629 0.000000
 -56.39495    6.93815 0.000000
 -55.31465  -34.47413 0.000000
 -55.31465  -33.41227 0.000000
 -55.31465  -32.35042 76.846353
 -55.31465  -31.28857 502.089239
 -55.31465  -30.22672 291.461875
 -55.31465  -29.16486 283.331672
 -55.31465  -28.10301 206.905700
 -55.31465  -27.04116 29.777635
 -55.31465  -25.97930 130.804702
 -55.31465  -24.91745 195.377058
 -55.31465  -23.85560 382.438691
 -55.31465  -22.79374 245.098108
 -55.31465  -21.73189 144.005501
 -55.31465  -20.67004 199.449809
 -55.31465  -19.60818 230.496495
 -55.31465  -18.54633 156.821684
 -55.31465  -17.48448 229.513837
 -55.31465  -16.42262 200.758543
 -55.31465  -15.36077 148.487300
 -55.31465  -14.29892 191.210700
 -55.31465  -13.23706 228.198906
 -55.31465  -12.17521 255.031763
 -55.31465  -11.11336 400.673152
 -55.31465  -10.05150 280.368717
 -55.31465   -8.98965 231.696934
 -55.31465   -7.92780 196.050572
 -55.31465   -6.86594 206.088322
 -55.31465   -5.80409 212.703151
 -55.31465   -4.74224 255.533803
 -55.31465   -3.68039 433.870154
 -55.31465   -2.61853 424.155540
 -55.31465   -1.55668 501.794706
 -55.31465   -0.49483 454.790903
 -55.31465    0.56703 416.386522
 -55.31465    1.62888 225.178866
 -55.31465    2.69073 18.849175
 -55.31465    3.75259 11.850536
 -55.31465    4.81444 0.000000
 -55.31465    5.87629 0.000000
 -55.31465    6.93815 0.000000
 -54.23436  -34.47413 167.935271
 -54.23436  -33.41227 492.600423
 -54.23436  -32.35042 334.937979
 -54.23436  -31.28857 214.636116
 -54.23436  -30.22672 336.348606
 -54.23436  -29.16486 357.302203
 -54.23436  -28.10301 232.685867
 -54.23436  -27.04116 101.202953
 -54.23436  -25.97930 211.701136
 -54.23436  -24.91745 230.564127
 -54.23436  -23.85560 268.564370
 -54.23436  -22.79374 236.924418
 -54.23436  -21.73189 172.151045
 -54.23436  -20.67004 214.890507
 -54.23436  -19.60818 254.723749
 -54.23436  -18.54633 311.593700
 -54.23436  -17.48448 380.715528
 -54.23436  -16.42262 505.317253
 -54.23436  -15.36077 355.766200
 -54.23436  -14.29892 258.195145
 -54.23436  -13.23706 450.486432
 -54.23436  -12.17521 381.185043
 -54.23436  -11.11336 290.118110
 -54.23436  -10.05150 366.143859
 -54.23436   -8.98965 286.124418
 -54.23436   -7.92780 213.846434
 -54.23436   -6.86594 253.301802
 -54.23436   -5.80409 198.182206
 -54.23436   -4.74224 275.277630
 -54.23436   -3.68039 279.114338
 -54.23436   -2.61853 469.310536
 -54.23436   -1.55668 474.645616
 -54.23436   -0.49483 371.827763
 -54.23436    0.56703 287.990560
 -54.23436    1.62888 233.471102
 -54.23436    2.69073 118.639228
 -54.23436    3.75259 33.005942
 -54.23436    4.81444 0.000000
 -54.23436    5.87629 0.000000
 -54.23436    6.93815 0.000000
 -53.15406  -34.47413 4.217588
 -53.15406  -33.41227 230.859461
 -53.15406  -32.35042 487.680212
 -53.15406  -31.28857 222.886842
 -53.15406  -30.22672 349.651786
 -53.15406  -29.16486 350.904006
 -53.15406  -28.10301 233.986830
 -53.15406  -27.04116 193.701031
 -53.15406  -25.97930 264.335449
 -53.15406  -24.91745 212.118516
 -53.15406  -23.85560 239.428583
 -53.15406  -22.79374 285.955773
 -53.15406  -21.73189 247.811953
 -53.15406  -20.67004 277.561989
 -53.15406  -19.60818 191.758907
 -53.15406  -18.54633 239.651997
 -53.15406  -17.48448 323.125401
 -53.15406  -16.42262 518.353527
 -53.15406  -15.36077 376.459810
 -53.15406  -14.29892 280.842499
 -53.15406  -13.23706 417.235275
 -53.15406  -12.17521 322.587988
 -53.15406  -11.11336 277.397598
 -53.15406  -10.05150 387.130770
 -53.15406   -8.98965 410.364444
 -53.15406   -7.92780 151.401075
 -53.15406   -6.86594 201.455961
 -53.15406   -5.80409 184.454538
 -53.15406   -4.74224 239.548246
 -53.15406   -3.68039 261.390457
 -53.15406   -2.61853 458.929841
 -53.15406   -1.55668 355.364613
 -53.15406   -0.49483 239.417081
 -53.15406    0.56703 194.247122
 -53.15406    1.62888 222.003065
 -53.15406    2.69073 216.155598
 -53.15406    3.75259 51.382670
 -53.15406    4.81444 0.000000
 -53.15406    5.87629 0.000000
 -53.15406    6.93815 0.000000
 -52.07376  -34.47413 0.000000
 -52.07376  -33.41227 0.000000
 -52.07376  -32.35042 56.897297
 -52.07376  -31.28857 224.580582
 -52.07376  -30.22672 384.768521
 -52.07376  -29.16486 285.972473
 -52.07376  -28.10301 301.514998
 -52.07376  -27.04116 183.963736
 -52.07376  -25.97930 179.633921
 -52.07376  -24.91745 252.861422
 -52.07376  -23.85560 436.478841
 -52.07376  -22.79374 364.589015
 -52.07376  -21.73189 389.288442
 -52.07376  -20.67004 405.649363
 -52.07376  -19.60818 352.537933
 -52.07376  -18.54633 175.101354
 -52.07376  -17.48448 178.709399
 -52.07376  -16.42262 303.150151
 -52.07376  -15.36077 250.214415
 -52.07376  -14.29892 145.107879
 -52.07376  -13.23706 205.338463
 -52.07376  -12.17521 196.394510
 -52.07376  -11.11336 239.444588
 -52.07376  -10.05150 297.990858
 -52.07376   -8.98965 299.217935
 -52.07376   -7.92780 175.152240
 -52.07376   -6.86594 175.494418
 -52.07376   -5.80409 91.053344
 -52.07376   -4.74224 112.708394
 -52.07376   -3.68039 193.038976
 -52.07376   -2.61853 340.834335
 -52.07376   -1.55668 451.394552
 -52.07376   -0.49483 223.896003
 -52.07376    0.56703 348.394002
 -52.07376    1.62888 396.599886
 -52.07376    2.69073 226.499889
 -52.07376    3.75259 53.939447
 -52.07376    4.81444 0.000000
 -52.07376    5.87629 0.000000
 -52.07376    6.93815 0.000000
 -50.99346  -34.47413 0.000000
 -50.99346  -33.41227 0.000000
 -50.99346  -32.35042 0.207111
 -50.99346  -31.28857 183.018360
 -50.99346  -30.22672 399.492406
 -50.99346  -29.16486 252.566779
 -50.99346  -28.10301 186.272877
 -50.99346  -27.04116 131.246923
 -50.99346  -25.97930 232.769470
 -50.99346  -24.91745 234.166925
 -50.99346  -23.85560 213.765897
 -50.99346  -22.79374 343.371748
 -50.99346  -21.73189 466.695474
 -50.99346  -20.67004 525.354537
 -50.99346  -19.60818 463.173628
 -50.99346  -18.54633 424.745383
 -50.99346  -17.48448 330.856125
 -50.99346  -16.42262 310.921438
 -50.99346  -15.36077 290.659875
 -50.99346  -14.29892 411.013377
 -50.99346  -13.23706 289.933442
 -50.99346  -12.17521 254.480538
 -50.99346  -11.11336 272.755928
 -50.99346  -10.05150 418.044502
 -50.99346   -8.98965 317.042250
 -50.99346   -7.92780 147.706477
 -50.99346   -6.86594 134.709251
 -50.99346   -5.80409 145.401514
 -50.99346   -4.74224 112.422063
 -50.99346   -3.68039 190.641053
 -50.99346   -2.61853 734.435908
 -50.99346   -1.55668 1037.358223
 -50.99346   -0.49483 527.068479
 -50.99346    0.56703 332.765768
 -50.99346    1.62888 131.718782
 -50.99346    2.69073 1.474683
 -50.99346    3.75259 0.000000
 -50.99346    4.81444 0.000000
 -50.99346    5.87629 0.000000
 -50.99346    6.93815 0.000000
 -49.91316  -34.47413 0.000000
 -49.91316  -33.41227 0.000000
 -49.91316  -32.35042 0.000000
 -49.91316  -31.28857 0.000000
 -49.91316  -30.22672 14.591705
 -49.91316  -29.16486 341.611794
 -49.91316  -28.10301 217.627907
 -49.91316  -27.04116 142.240827
 -49.91316  -25.97930 219.144003
 -49.91316  -24.91745 220.939023
 -49.91316  -23.85560 318.470778
 -49.91316  -22.79374 503.559389
 -49.91316  -21.73189 546.661431
 -49.91316  -20.67004 716.335773
 -49.91316  -19.60818 469.307973
 -49.91316  -18.54633 314.604637
 -49.91316  -17.48448 402.437188
 -49.91316  -16.42262 391.965269
 -49.91316  -15.36077 356.347002
 -49.91316  -14.29892 365.930000
 -49.91316  -13.23706 614.745395
 -49.91316  -12.17521 377.926063
 -49.91316  -11.11336 261.787653
 -49.91316  -10.05150 141.932007
 -49.91316   -8.98965 310.074059
 -49.91316   -7.92780 157.517956
 -49.91316   -6.86594 221.462091
 -49.91316   -5.80409 250.013899
 -49.91316   -4.74224 162.089380
 -49.91316   -3.68039 249.567045
 -49.91316   -2.61853 888.584350
 -49.91316   -1.55668 340.320033
 -49.91316   -0.49483 97.029166
 -49.91316    0.56703 2.242412
 -49.91316    1.62888 0.070390
 -49.91316    2.69073 0.000000
 -49.91316    3.75259 0.000000
 -49.91316    4.81444 0.000000
 -49.91316    5.87629 0.000000
 -49.91316    6.93815 0.000000
 -48.83286  -34.47413 0.000000
 -48.83286  -33.41227 0.000000
 -48.83286  -32.35042 0.000000
 -48.83286  -31.28857 0.000000
 -48.83286  -30.22672 0.000000
 -48.83286  -29.16486 30.340866
 -48.83286  -28.10301 75.610436
 -48.83286  -27.04116 78.970796
 -48.83286  -25.97930 185.453966
 -48.83286  -24.91745 304.709036
 -48.83286  -23.85560 456.953421
 -48.83286  -22.79374 436.449261
 -48.83286  -21.73189 520.231199
 -48.83286  -20.67004 625.531624
 -48.83286  -19.60818 474.855383
 -48.83286  -18.54633 307.569137
 -48.83286  -17.48448 359.274672
 -48.83286  -16.42262 350.145128
 -48.83286  -15.36077 357.249581
 -48.83286  -14.29892 402.886321
 -48.83286  -13.23706 578.680014
 -48.83286  -12.17521 445.870186
 -48.83286  -11.11336 225.752304
 -48.83286  -10.05150 204.741332
 -48.83286   -8.98965 226.787475
 -48.83286   -7.92780 176.646527
 -48.83286   -6.86594 328.347180
 -48.83286   -5.80409 314.960777
 -48.83286   -4.74224 183.113912
 -48.83286   -3.68039 257.845883
 -48.83286   -2.61853 266.427316
 -48.83286   -1.55668 464.345348
 -48.83286   -0.49483 17.234681
 -48.83286    0.56703 0.000000
 -48.83286    1.62888 0.000000
 -48.83286    2.69073 0.000000
 -48.83286    3.75259 0.000000
 -48.83286    4.81444 0.000000
 -48.83286    5.87629 0.000000
 -48.83286    6.93815 0.000000
 -47.75257  -34.47413 0.000000
 -47.75257  -33.41227 0.000000
 -47.75257  -32.35042 0.000000
 -47.75257  -31.28857 0.000000
 -47.75257  -30.22672 0.000000
 -47.75257  -29.16486 0.000000
 -47.75257  -28.10301 0.000000
 -47.75257  -27.04116 0.000000
 -47.75257  -25.97930 0.058811
 -47.75257  -24.91745 204.894539
 -47.75257  -23.85560 286.831024
 -47.75257  -22.79374 252.352705
 -47.75257  -21.73189 281.929280
 -47.75257  -20.67004 319.340447
 -47.75257  -19.60818 305.021728
 -47.75257  -18.54633 401.953875
 -47.75257  -17.48448 379.735489
 -47.75257  -16.42262 349.926868
 -47.75257  -15.36077 344.191212
 -47.75257  -14.29892 249.898394
 -47.75257  -13.23706 264.412378
 -47.75257  -12.17521 324.009393
 -47.75257  -11.11336 218.462500
 -47.75257  -10.05150 459.256041
 -47.75257   -8.98965 451.634222
 -47.75257   -7.92780 286.280853
 -47.75257   -6.86594 261.507121
 -47.75257   -5.80409 232.917903
 -47.75257   -4.74224 290.786756
 -47.75257   -3.68039 295.853037
 -47.75257   -2.61853 261.754147
 -47.75257   -1.55668 290.031719
 -47.75257   -0.49483 0.000000
 -47.75257    0.56703 0.000000
 -47.75257    1.62888 0.000000
 -47.75257    2.69073 0.000000
 -47.75257    3.75259 0.000000
 -47.75257    4.81444 0.000000
 -47.75257    5.87629 0.000000
 -47.75257    6.93815 0.000000
 -46.67227  -34.47413 0.000000
 -46.67227  -33.41227 0.000000
 -46.67227  -32.35042 0.000000
 -46.67227  -31.28857 0.000000
 -46.67227  -30.22672 0.000000
 -46.67227  -29.16486 0.000000
 -46.67227  -28.10301 0.000000
 -46.67227  -27.04116 0.000000
 -46.67227  -25.97930 0.000000
 -46.67227  -24.91745 46.575735
 -46.67227  -23.85560 418.950631
 -46.67227  -22.79374 263.061821
 -46.67227  -21.73189 360.424304
 -46.67227  -20.67004 423.136998
 -46.67227  -19.60818 379.874554
 -46.67227  -18.54633 412.302843
 -46.67227  -17.48448 280.303264
 -46.67227  -16.42262 295.779681
 -46.67227  -15.36077 351.955923
 -46.67227  -14.29892 286.643391
 -46.67227  -13.23706 208.923016
 -46.67227  -12.17521 194.132854
 -46.67227  -11.11336 152.725224
 -46.67227  -10.05150 449.268387
 -46.67227   -8.98965 562.998584
 -46.67227   -7.92780 265.474773
 -46.67227   -6.86594 401.806362
 -46.67227   -5.80409 172.450022
 -46.67227   -4.74224 341.779622
 -46.67227   -3.68039 342.417666
 -46.67227   -2.61853 228.871836
 -46.67227   -1.55668 145.706380
 -46.67227   -0.49483 0.000000
 -46.67227    0.56703 0.000000
 -46.67227    1.62888 0.000000
 -46.67227    2.69073 0.000000
 -46.67227    3.75259 0.000000
 -46.67227    4.81444 0.000000
 -46.67227    5.87629 0.000000
 -46.67227    6.93815 0.000000
 -45.59197  -34.47413 0.000000
 -45.59197  -33.41227 0.000000
 -45.59197  -32.35042 0.000000
 -45.59197  -31.28857 0.000000
 -45.59197  -30.22672 0.000000
 -45.59197  -29.16486 0.000000
 -45.59197  -28.10301 0.000000
 -45.59197  -27.04116 0.000000
 -45.59197  -25.97930 0.000000
 -45.59197  -24.91745 5.560400
 -45.59197  -23.85560 272.975549
 -45.59197  -22.79374 269.136332
 -45.59197  -21.73189 336.664965
 -45.59197  -20.67004 377.891470
 -45.59197  -19.60818 469.541002
 -45.59197  -18.54633 580.101045
 -45.59197  -17.48448 505.050170
 -45.59197  -16.42262 341.413672
 -45.59197  -15.36077 269.957760
 -45.59197  -14.29892 301.012468
 -45.59197  -13.23706 221.403350
 -45.59197  -12.17521 186.622003
 -45.59197  -11.11336 282.673627
 -45.59197  -10.05150 366.807376
 -45.59197   -8.98965 292.117058
 -45.59197   -7.92780 226.947032
 -45.59197   -6.86594 268.600519
 -45.59197   -5.80409 150.097518
 -45.59197   -4.74224 359.328877
 -45.59197   -3.68039 336.032227
 -45.59197   -2.61853 366.067143
 -45.59197   -1.55668 65.014961
 -45.59197   -0.49483 0.000000
 -45.59197    0.56703 0.000000
 -45.59197    1.62888 0.000000
 -45.59197    2.69073 0.000000
 -45.59197    3.75259 0.000000
 -45.59197    4.81444 0.000000
 -45.59197    5.87629 0.000000
 -45.59197    6.93815 0.000000
 -44.51167  -34.47413 0.000000
 -44.51167  -33.41227 0.000000
 -44.51167  -32.35042 0.000000
 -44.51167  -31.28857 0.000000
 -44.51167  -30.22672 0.000000
 -44.51167  -29.16486 0.000000
 -44.51167  -28.10301 0.000000
 -44.51167  -27.04116 0.000000
 -44.51167  -25.97930 0.000000
 -44.51167  -24.91745 0.000000
 -44.51167  -23.85560 36.810511
 -44.51167  -22.79374 292.018720
 -44.51167  -21.73189 245.131527
 -44.51167  -20.67004 448.081162
 -44.51167  -19.60818 725.051704
 -44.51167  -18.54633 868.510152
 -44.51167  -17.48448 576.956227
 -44.51167  -16.42262 280.498015
 -44.51167  -15.36077 249.698177
 -44.51167  -14.29892 291.015765
 -44.51167  -13.23706 193.719637
 -44.51167  -12.17521 189.496820
 -44.51167  -11.11336 408.586769
 -44.51167  -10.05150 339.434987
 -44.51167   -8.98965 236.220231
 -44.51167   -7.92780 258.796917
 -44.51167   -6.86594 252.416830
 -44.51167   -5.80409 159.483655
 -44.51167   -4.74224 210.898323
 -44.51167   -3.68039 278.908141
 -44.51167   -2.61853 103.444210
 -44.51167   -1.55668 0.000000
 -44.51167   -0.49483 0.000000
 -44.51167    0.56703 0.000000
 -44.51167    1.62888 0.000000
 -44.51167    2.69073 0.000000
 -44.51167    3.75259 0.000000
 -44.51167    4.81444 0.000000
 -44.51167    5.87629 0.000000
 -44.51167    6.93815 0.000000
 -43.43137  -34.47413 0.000000
 -43.43137  -33.41227 0.000000
 -43.43137  -32.35042 0.000000
 -43.43137  -31.28857 0.000000
 -43.43137  -30.22672 0.000000
 -43.43137  -29.16486 0.000000
 -43.43137  -28.10301 0.000000
 -43.43137  -27.04116 0.000000
 -43.43137  -25.97930 0.000000
 -43.43137  -24.91745 0.000000
 -43.43137  -23.85560 64.517779
 -43.43137  -22.79374 438.671881
 -43.43137  -21.73189 299.295429
 -43.43137  -20.67004 314.703600
 -43.43137  -19.60818 599.794404
 -43.43137  -18.54633 683.996682
 -43.43137  -17.48448 456.774018
 -43.43137  -16.42262 372.789578
 -43.43137  -15.36077 360.312684
 -43.43137  -14.29892 399.354777
 -43.43137  -13.23706 379.877738
 -43.43137  -12.17521 172.050632
 -43.43137  -11.11336 232.103461
 -43.43137  -10.05150 280.072749
 -43.43137   -8.98965 237.303769
 -43.43137   -7.92780 309.704657
 -43.43137   -6.86594 278.820889
 -43.43137   -5.80409 294.069446
 -43.43137   -4.74224 294.889454
 -43.43137   -3.68039 345.058333
 -43.43137   -2.61853 26.152616
 -43.43137   -1.55668 0.000000
 -43.43137   -0.49483 0.000000
 -43.43137    0.56703 0.000000
 -43.43137    1.62888 0.000000
 -43.43137    2.69073 0.000000
 -43.43137    3.75259 0.000000
 -43.43137    4.81444 0.000000
 -43.43137    5.87629 0.000000
 -43.43137    6.93815 0.000000
 -42.35107  -34.47413 0.000000
 -42.35107  -33.41227 0.000000
 -42.35107  -32.35042 0.000000
 -42.35107  -31.28857 0.000000
 -42.35107  -30.22672 0.000000
 -42.35107  -29.16486 0.000000
 -42.35107  -28.10301 0.000000
 -42.35107  -27.04116 0.000000
 -42.35107  -25.97930 0.000000
 -42.35107  -24.91745 0.000000
 -42.35107  -23.85560 23.218971
 -42.35107  -22.79374 396.031438
 -42.35107  -21.73189 449.422477
 -42.35107  -20.67004 267.586346
 -42.35107  -19.60818 377.397675
 -42.35107  -18.54633 355.917025
 -42.35107  -17.48448 315.281422
 -42.35107  -16.42262 329.640277
 -42.35107  -15.36077 241.057752
 -42.35107  -14.29892 239.455507
 -42.35107  -13.23706 209.224934
 -42.35107  -12.17521 141.586916
 -42.35107  -11.11336 257.287509
 -42.35107  -10.05150 372.017453
 -42.35107   -8.98965 367.109598
 -42.35107   -7.92780 526.834044
 -42.35107   -6.86594 463.741192
 -42.35107   -5.80409 432.571399
 -42.35107   -4.74224 397.248514
 -42.35107   -3.68039 387.181589
 -42.35107   -2.61853 0.000000
 -42.35107   -1.55668 0.000000
 -42.35107   -0.49483 0.000000
 -42.35107    0.56703 0.000000
 -42.35107    1.62888 0.000000
 -42.35107    2.69073 0.000000
 -42.35107    3.75259 0.000000
 -42.35107    4.81444 0.000000
 -42.35107    5.87629 0.000000
 -42.35107    6.93815 0.000000
 -41.27078  -34.47413 0.000000
 -41.27078  -33.41227 0.000000
 -41.27078  -32.35042 0.000000
 -41.27078  -31.28857 0.000000
 -41.27078  -30.22672 0.000000
 -41.27078  -29.16486 0.000000
 -41.27078  -28.10301 0.000000
 -41.27078  -27.04116 0.000000
 -41.27078  -25.97930 0.000000
 -41.27078  -24.91745 0.000000
 -41.27078  -23.85560 0.000000
 -41.27078  -22.79374 95.257447
 -41.27078  -21.73189 261.655482
 -41.27078  -20.67004 353.584604
 -41.27078  -19.60818 286.304323
 -41.27078  -18.54633 180.699712
 -41.27078  -17.48448 186.446516
 -41.27078  -16.42262 257.984655
 -41.27078  -15.36077 197.181627
 -41.27078  -14.29892 170.510128
 -41.27078  -13.23706 171.852028
 -41.27078  -12.17521 225.273359
 -41.27078  -11.11336 275.237381
 -41.27078  -10.05150 259.206536
 -41.27078   -8.98965 548.821878
 -41.27078   -7.92780 424.422598
 -41.27078   -6.86594 542.060065
 -41.27078   -5.80409 443.473528
 -41.27078   -4.74224 501.422723
 -41.27078   -3.68039 367.348640
 -41.27078   -2.61853 0.000000
 -41.27078   -1.55668 0.000000
 -41.27078   -0.49483 0.000000
 -41.27078    0.56703 0.000000
 -41.27078    1.62888 0.000000
 -41.27078    2.69073 0.000000
 -41.27078    3.75259 0.000000
 -41.27078    4.81444 0.000000
 -41.27078    5.87629 0.000000
 -41.27078    6.93815 0.000000
 -40.19048  -34.47413 0.000000
 -40.19048  -33.41227 0.000000
 -40.19048  -32.35042 0.000000
 -40.19048  -31.28857 0.000000
 -40.19048  -30.22672 0.000000
 -40.19048  -29.16486 0.000000
 -40.19048  -28.10301 0.000000
 -40.19048  -27.04116 0.000000
 -40.19048  -25.97930 0.000000
 -40.19048  -24.91745 0.000000
 -40.19048  -23.85560 0.000000
 -40.19048  -22.79374 0.000000
 -40.19048  -21.73189 0.000000
 -40.19048  -20.67004 40.509118
 -40.19048  -19.60818 177.602770
 -40.19048  -18.54633 240.483365
 -40.19048  -17.48448 208.330937
 -40.19048  -16.42262 278.025179
 -40.19048  -15.36077 281.078250
 -40.19048  -14.29892 214.905359
 -40.19048  -13.23706 177.124563
 -40.19048  -12.17521 180.276897
 -40.19048  -11.11336 504.694305
 -40.19048  -10.05150 233.829809
 -40.19048   -8.98965 687.474044
 -40.19048   -7.92780 464.395952
 -40.19048   -6.86594 528.463456
 -40.19048   -5.80409 580.966699
 -40.19048   -4.74224 472.410202
 -40.19048   -3.68039 394.289629
 -40.19048   -2.61853 0.000000
 -40.19048   -1.55668 0.000000
 -40.19048   -0.49483 0.000000
 -40.19048    0.56703 0.000000
 -40.19048    1.62888 0.000000
 -40.19048    2.69073 0.000000
 -40.19048    3.75259 0.000000
 -40.19048    4.81444 0.000000
 -40.19048    5.87629 0.000000
 -40.19048    6.93815 0.000000
 -39.11018  -34.47413 0.000000
 -39.11018  -33.41227 0.000000
 -39.11018  -32.35042 0.000000
 -39.11018  -31.28857 0.000000
 -39.11018  -30.22672 0.000000
 -39.11018  -29.16486 0.000000
 -39.11018  -28.10301 0.000000
 -39.11018  -27.04116 0.000000
 -39.11018  -25.97930 0.000000
 -39.11018  -24.91745 0.000000
 -39.11018  -23.85560 0.000000
 -39.11018  -22.79374 0.000000
 -39.11018  -21.73189 0.000000
 -39.11018  -20.67004 0.000000
 -39.11018  -19.60818 0.000000
 -39.11018  -18.54633 0.000000
 -39.11018  -17.48448 1.711806
 -39.11018  -16.42262 76.519046
 -39.11018  -15.36077 38.507104
 -39.11018  -14.29892 150.443504
 -39.11018  -13.23706 363.860736
 -39.11018  -12.17521 241.443472
 -39.11018  -11.11336 283.360682
 -39.11018  -10.05150 185.580451
 -39.11018   -8.98965 639.537334
 -39.11018   -7.92780 612.020263
 -39.11018   -6.86594 668.409267
 -39.11018   -5.80409 973.306397
 -39.11018   -4.74224 504.539453
 -39.11018   -3.68039 39.361189
 -39.11018   -2.61853 0.000000
 -39.11018   -1.55668 0.000000
 -39.11018   -0.49483 0.000000
 -39.11018    0.56703 0.000000
 -39.11018    1.62888 0.000000
 -39.11018    2.69073 0.000000
 -39.11018    3.75259 0.000000
 -39.11018    4.81444 0.000000
 -39.11018    5.87629 0.000000
 -39.11018    6.93815 0.000000
 -38.02988  -34.47413 0.000000
 -38.02988  -33.41227 0.000000
 -38.02988  -32.35042 0.000000
 -38.02988  -31.28857 0.000000
 -38.02988  -30.22672 0.000000
 -38.02988  -29.16486 0.000000
 -38.02988  -28.10301 0.000000
 -38.02988  -27.04116 0.000000
 -38.02988  -25.97930 0.000000
 -38.02988  -24.91745 0.000000
 -38.02988  -23.85560 0.000000
 -38.02988  -22.79374 0.000000
 -38.02988  -21.73189 0.000000
 -38.02988  -20.67004 0.000000
 -38.02988  -19.60818 0.000000
 -38.02988  -18.54633 0.000000
 -38.02988  -17.48448 0.000000
 -38.02988  -16.42262 0.000000
 -38.02988  -15.36077 0.000000
 -38.02988  -14.29892 0.000000
 -38.02988  -13.23706 20.459111
 -38.02988  -12.17521 234.364586
 -38.02988  -11.11336 448.410415
 -38.02988  -10.05150 340.693762
 -38.02988   -8.98965 504.201946
 -38.02988   -7.92780 667.616610
 -38.02988   -6.86594 1113.396286
 -38.02988   -5.80409 516.961937
 -38.02988   -4.74224 94.143226
 -38.02988   -3.68039 0.000000
 -38.02988   -2.61853 0.000000
 -38.02988   -1.55668 0.000000
 -38.02988   -0.49483 0.000000
 -38.02988    0.56703 0.000000
 -38.02988    1.62888 0.000000
 -38.02988    2.69073 0.000000
 -38.02988    3.75259 0.000000
 -38.02988    4.81444 0.000000
 -38.02988    5.87629 0.000000
 -38.02988    6.93815 0.000000
 -36.94958  -34.47413 0.000000
 -36.94958  -33.41227 0.000000
 -36.94958  -32.35042 0.000000
 -36.94958  -31.28857 0.000000
 -36.94958  -30.22672 0.000000
 -36.94958  -29.16486 0.000000
 -36.94958  -28.10301 0.000000
 -36.94958  -27.04116 0.000000
 -36.94958  -25.97930 0.000000
 -36.94958  -24.91745 0.000000
 -36.94958  -23.85560 0.000000
 -36.94958  -22.79374 0.000000
 -36.94958  -21.73189 0.000000
 -36.94958  -20.67004 0.000000
 -36.94958  -19.60818 0.000000
 -36.94958  -18.54633 0.000000
 -36.94958  -17.48448 0.000000
 -36.94958  -16.42262 0.000000
 -36.94958  -15.36077 0.000000
 -36.94958  -14.29892 0.000000
 -36.94958  -13.23706 0.000000
 -36.94958  -12.17521 0.000000
 -36.94958  -11.11336 211.080691
 -36.94958  -10.05150 344.675722
 -36.94958   -8.98965 456.910782
 -36.94958   -7.92780 569.449050
 -36.94958   -6.86594 893.097042
 -36.94958   -5.80409 512.318920
 -36.94958   -4.74224 0.000000
 -36.94958   -3.68039 0.000000
 -36.94958   -2.61853 0.000000
 -36.94958   -1.55668 0.000000
 -36.94958   -0.49483 0.000000
 -36.94958    0.56703 0.000000
 -36.94958    1.62888 0.000000
 -36.94958    2.69073 0.000000
 -36.94958    3.75259 0.000000
 -36.94958    4.81444 0.000000
 -36.94958    5.87629 0.000000
 -36.94958    6.93815 0.000000
 -35.86928  -34.47413 0.000000
 -35.86928  -33.41227 0.000000
 -35.86928  -32.35042 0.000000
 -35.86928  -31.28857 0.000000
 -35.86928  -30.22672 0.000000
 -35.86928  -29.16486 0.000000
 -35.86928  -28.10301 0.000000
 -35.86928  -27.04116 0.000000
 -35.86928  -25.97930 0.000000
 -35.86928  -24.91745 0.000000
 -35.86928  -23.85560 0.000000
 -35.86928  -22.79374 0.000000
 -35.86928  -21.73189 0.000000
 -35.86928  -20.67004 0.000000
 -35.86928  -19.60818 0.000000
 -35.86928  -18.54633 0.000000
 -35.86928  -17.48448 0.000000
 -35.86928  -16.42262 0.000000
 -35.86928  -15.36077 0.000000
 -35.86928  -14.29892 0.000000
 -35.86928  -13.23706 0.000000
 -35.86928  -12.17521 0.000000
 -35.86928  -11.11336 0.000000
 -35.86928  -10.05150 135.130339
 -35.86928   -8.98965 325.076183
 -35.86928   -7.92780 488.782884
 -35.86928   -6.86594 327.466806
 -35.86928   -5.80409 155.374311
 -35.86928   -4.74224 0.000000
 -35.86928   -3.68039 0.000000
 -35.86928   -2.61853 0.000000
 -35.86928   -1.55668 0.000000
 -35.86928   -0.49483 0.000000
 -35.86928    0.56703 0.000000
 -35.86928    1.62888 0.000000
 -35.86928    2.69073 0.000000
 -35.86928    3.75259 0.000000
 -35.86928    4.81444 0.000000
 -35.86928    5.87629 0.000000
 -35.86928    6.93815 0.000000
