real	estimada
1	974
108	36004
157	35016
188	29873
127	30086
1	218
48	16734
2	172
1352	15539
114	14257
0	0
1573	30234
190	32386
1856	34686
2	524
1717	37707
876	18934
1	605
7	1112
2026	29197
2198	45473
1	3421
126	20414
1214	47573
878	45351
1	821
1668	52510
423	23209
0	0
1	1152
1	1620
624	24792
149	7075
53	4173
23	3864
2	2553
62	17809
1511	38986
49	13325
467	11304
315	24643
0	0
320	28102
858	16195
377	38335
2143	41478
0	0
1	1264
419	39394
1006	43718
1003	45535
385	38186
92	32168
142	6252
967	37585
18	4184
7	1115
579	13430
347	34527
824	18719
71	5327
0	0
126	16197
1190	31908
1948	31407
95	24458
1010	46806
403	35536
680	21502
54	19641
1	149
1049	17564
0	1119
131	5454
2	5334
0	0
377	9934
1	195
1007	48908
13	4469
0	0
1439	17208
7	513
173	9589
72	23845
6	1111
1	354
72	23011
54	5032
0	701
166	16177
1582	29916
2422	39274
21	3156
0	0
656	16775
1	760
602	41656
87	4099
252	13871
438	10871
125	36780
661	14270
1836	34988
103	8226
1514	50024
29	12261
1687	48230
0	0
672	33135
1	464
1	1130
1465	44938
192	34786
746	42540
139	4698
1	13
396	10173
14	1852
1	337
1143	46259
1711	48771
475	11509
33	2776
0	915
1	2506
55	6117
1384	17312
65	21326
1593	44118
169	18409
638	7853
274	33092
289	9547
1467	41940
1491	17511
1	73
1344	18636
100	34038
1595	30909
696	14905
0	0
1	3994
4	227
150	35579
1002	45027
1	16
2326	43715
2184	40644
1333	15265
0	0
60	18303
81	31763
1	1425
1292	33310
753	45005
662	40370
1981	45884
46	5489
1170	20061
79	29660
1784	20951
0	0
928	25674
61	18761
3	155
315	9338
1	1092
67	25660
153	13452
2	5354
1	2644
1	857
355	17763
494	18409
88	5716
934	41752
334	3784
20	3085
459	34452
1270	31858
586	42362
1	153
9	1576
625	14279
110	31790
0	0
1	39
253	29621
10	3912
167	30512
943	48035
1	288
1509	17666
43	14141
398	20398
29	7028
737	25271
0	0
54	16881
125	15021
2015	24014
706	42683
0	1901
783	17294
17	3416
25	8110
12	2355
1	61
0	0
1528	39962
0	0
1	43
387	26335
1316	41659
84	33099
1042	25465
179	2897
1	1126
169	9521
1444	23393
1207	32955
0	0
20	3229
1	1587
0	2958
770	21021
2	193
512	17092
838	27680
116	11487
1	1585
2	3966
1	349
201	36020
1684	46362
599	13853
306	8452
971	16356
971	10446
355	35318
0	0
302	6150
1	1192
162	2946
55	17011
2	297
1362	43286
1714	52651
66	17850
25	8753
156	21036
11	1041
1655	45755
9	1372
438	39285
19	4292
677	41162
1	2602
612	39736
830	45841
15	2723
2	289
6	571
808	45505
1002	21739
2119	31119
419	34492
109	33652
1232	28860
522	5364
0	0
1	2313
48	5407
341	3451
2270	30138
209	12117
0	0
183	5956
1	348
874	22387
399	4449
0	0
5	744
1384	24806
1568	34421
795	24918
867	18367
35	2896
1	106
1	4044
259	26514
41	3559
49	10539
2071	34392
0	0
568	14115
186	28481
1320	36855
1916	36348
251	7827
2104	30252
1	4629
228	30992
2442	38043
1525	33216
191	11912
1351	37025
1	162
2033	47847
0	0
216	21851
179	29976
98	28794
156	35476
0	0
662	23193
1	46
1	967
1600	28252
1785	31315
156	11360
1	127
35	6901
1	299
7	931
389	36389
1264	30087
0	0
58	2887
0	0
1	788
11	1810
0	0
160	17388
234	30857
767	31661
263	31455
835	20287
138	28447
1026	46724
246	11709
10	4276
37	14150
845	30899
2	3488
57	12867
660	43668
15	2074
13	2038
831	26442
1763	25535
499	40697
2588	34071
85	28818
596	13819
163	26977
5	480
462	11697
1	377
855	21724
0	0
2324	40203
2330	45436
2	502
10	1497
1532	41686
0	0
0	2210
11	636
22	4742
940	18155
2	382
213	9530
8	1051
1377	24051
988	10712
15	674
213	36122
158	35741
1314	47610
1283	16785
878	19009
73	26410
1	197
1	349
126	20515
481	35414
645	42248
220	10700
75	9691
0	0
0	0
1	128
1722	26371
0	0
1864	43340
185	16759
1	2250
45	14375
142	12970
257	8568
988	18692
42	6375
1732	51203
10	1949
1052	31413
1	297
102	26194
124	22628
0	0
782	16281
12	1276
92	1879
77	23605
1	3988
328	14202
41	13779
1	444
619	41702
205	26411
405	39184
1	76
132	3784
0	0
1	979
49	19768
313	25762
0	0
161	12612
915	25068
1569	40456
155	15677
4	340
269	28796
648	43113
72	24424
20	1009
1	1077
92	23380
1	277
49	3507
2	2847
177	32401
1195	30934
532	36174
2	2888
253	2658
1	462
1	59
95	12230
138	2186
36	14022
2	55
1178	31606
1104	24376
1983	47857
669	35830
125	21218
2	3742
0	0
12	1843
56	5858
1	1138
4	707
0	2370
284	35110
1175	49529
765	41191
2526	34243
1	135
1549	48096
35	5615
1178	27048
302	36765
535	28295
934	26070
234	32605
32	3429
192	32773
13	1190
0	4221
546	15095
1	1575
1	462
34	5759
73	9213
90	14182
96	964
4	290
1629	46359
668	29021
0	3853
5	54
0	0
614	24030
102	14952
62	18989
0	0
1	547
