real	estimada
1106	41211
28	1973
0	11
345	16718
2626	47835
2795	44647
2315	27065
1096	9288
172	27899
866	13291
576	38788
8	729
442	3801
852	30055
786	27079
520	26116
28	6537
2807	45667
1	877
258	20406
608	34965
937	20480
1814	18494
1294	21433
1822	32559
51	7413
2	2053
893	13063
1017	13930
2014	22698
736	11517
3	2509
2701	43404
915	17578
145	7639
2831	40414
0	0
1	855
176	28748
810	13162
0	0
3	46
2915	45695
2651	30694
769	22336
943	22607
100	10421
195	28816
88	4145
425	3978
2743	37813
27	3072
756	12938
155	5643
334	8085
279	5467
2467	39486
1038	9407
1343	14665
2	38
663	9717
7	547
622	18438
2556	29720
2725	41664
185	28790
1277	44783
2341	46208
1798	37570
2425	33553
1473	39970
1	655
1834	38291
1	1543
0	0
602	28359
1119	40443
1016	41590
235	7775
12	1215
1	1026
2796	41844
111	3481
1459	25804
1668	24023
1	1078
1524	32497
644	6443
245	33906
319	27061
2479	47367
1	112
826	13970
963	27451
104	23168
5	198
587	29310
956	36600
0	13
1	2194
169	29962
222	33167
185	18672
2162	35049
127	10178
1	413
12	1195
1	11
256	24008
1211	27469
2113	47906
301	28224
0	1899
1	433
69	6146
436	7203
9	1018
2	1710
1566	28497
0	0
17	2208
1507	27039
1	2142
2822	27252
2	3168
1857	35396
1	3214
1	738
1	727
2939	41954
1328	20484
1482	16866
367	35339
1	2221
0	0
1535	21854
2417	43914
219	4928
2534	39306
1675	49118
2	2891
165	5874
252	31677
0	0
2626	27910
7	532
436	25914
262	27730
120	16575
2012	29246
7	779
2	121
1321	40337
138	9349
733	15781
658	39775
67	6172
814	37190
93	7157
624	32300
190	5210
1580	19558
144	28620
2368	34724
393	15806
164	9617
1	1719
0	0
1609	19892
114	4552
0	0
2066	24916
721	11074
3128	34539
292	19216
341	5311
743	25635
1697	33360
2	1370
2915	46766
130	5901
275	9401
23	3009
83	14486
1	729
1435	28132
147	4473
1181	19248
1235	19589
1701	27617
2	3523
2047	18314
340	9018
532	38058
1257	26499
0	0
36	3621
1283	17494
1242	19041
32	4354
237	23561
71	11703
37	7872
2861	46769
1	34
1	1426
3046	34025
1	728
1	586
1917	28808
1207	18697
2051	36814
1000	41683
13	889
1398	19092
1259	30367
1627	32208
1311	33134
83	5523
408	7326
2	3500
1025	38539
1765	21137
2309	49776
2084	25601
0	0
0	0
83	13448
1272	45815
0	0
1873	25950
1678	17618
0	0
865	13293
563	9355
617	14287
1	150
221	31083
0	1005
1	1217
1734	34961
871	12934
2787	40597
1	925
1298	22810
507	9067
444	7674
683	39360
9	678
176	2359
2851	48725
1071	15411
95	13042
1	625
228	14220
59	6230
1352	45259
1	506
45	3575
1784	27930
2424	49424
2969	41166
817	16892
1	1730
1849	33632
1	517
755	11520
7	278
2169	49891
82	17063
949	31970
1874	38653
1486	26303
2121	44820
19	1622
723	17221
13	1237
1	955
1410	26132
1720	27778
193	28111
408	17277
45	7092
1386	25004
450	27744
1028	44471
1	84
1	801
2607	48638
2	1768
575	34088
1566	48180
2676	46875
5	276
1	1377
129	11163
697	34754
2153	44207
2908	40682
91	18988
351	5726
100	14396
2010	25750
1436	40707
2056	48944
482	37368
1029	15812
1	284
1	1150
152	28744
1	1740
2918	45076
0	0
1807	26256
147	23901
0	0
88	4744
217	4681
1987	34736
844	12637
1	25
980	26145
2394	24277
2300	47674
633	33699
1	436
1636	23709
766	39105
6	358
323	6415
1	1692
791	27151
1	80
13	2460
760	34060
1	725
0	0
628	9374
284	28999
2323	43889
17	2444
1094	44773
1385	28654
80	14916
1	1190
968	25559
1352	22550
2	1845
190	6124
0	0
311	15512
1	413
0	0
1	633
2661	42699
535	11047
1657	48991
1	1119
114	25356
1148	21413
389	12021
1	1327
220	14061
0	0
283	8925
1	126
192	7160
911	14735
1102	17703
892	11671
26	2458
1343	23065
209	7182
122	25359
1029	31490
28	2747
3081	41990
113	26065
0	0
1927	40160
1290	21232
2465	43143
2804	29960
2151	18980
1376	24606
252	26693
214	4683
2248	38995
1	1064
0	982
1650	33187
531	34657
2036	48921
1170	35798
146	10909
0	0
3104	34607
237	26029
115	24206
286	8221
373	23278
1389	16434
2	1788
92	7062
1956	45634
417	36516
2314	46775
36	4583
1031	13911
1804	20727
13	1368
1	277
1	7
1712	21304
1	990
1	795
0	4
310	28241
1686	30381
5	182
1180	17295
2775	41632
429	6472
245	32877
1	992
1227	14511
548	34829
1971	31108
103	4322
801	35694
1704	21928
657	7066
85	14959
487	15446
286	24988
0	0
384	14661
31	3604
442	7040
235	9626
453	4954
0	0
1731	32048
688	34559
484	37600
1	350
1118	18940
31	2669
2596	49311
1459	33345
1	297
1252	11647
197	10556
1	860
503	31712
1	122
65	4451
1	1168
4	134
2111	45681
2227	47714
2139	31076
670	10432
21	4545
1934	47533
291	21870
1291	27026
58	5742
2922	46608
163	28314
0	0
3123	35991
36	2759
2194	28648
204	21454
888	17312
68	9905
155	3935
2	1971
572	10276
36	8402
2078	43855
19	2832
16	1653
338	26465
268	9428
8	672
1	1148
1431	19448
1276	40554
1	367
2	85
1	1805
462	34698
0	12
673	10567
999	13165
1	4
854	31752
413	24459
