real	estimada
657	38836
1851	63281
35	10065
280	25278
2	4845
1302	34955
6	608
128	3997
1845	79090
987	20636
849	52290
1202	28819
27	10256
142	30231
173	6465
18	3939
2964	47446
1262	75506
2	3208
214	26802
3	206
664	68595
0	0
2269	67872
995	42811
145	14597
2479	55665
1115	54079
0	543
86	30008
2031	70575
0	0
0	0
1783	81078
1079	30194
11	1899
1904	60805
1379	67088
1	86
1	899
1979	48962
0	0
92	9722
649	60869
1386	49442
139	38270
125	8071
1767	45517
231	3413
1698	40645
1	324
1920	66867
521	38735
63	5689
384	16069
2573	64393
106	9953
626	63949
0	139
1	2682
891	11707
1	5073
1071	27286
1934	66065
2802	67960
7	3481
1720	33054
1740	78506
331	10468
641	60582
1	1490
0	0
0	0
19	4343
1990	67211
23	5355
11	1332
2102	36250
127	12443
2	409
301	33062
444	29526
1084	72504
477	10703
1	412
1227	37883
1743	44228
1750	58910
1	31
1649	80759
866	69357
824	68383
1101	69557
119	8795
2832	45525
1309	32709
136	16489
1104	31370
1641	73641
23	863
1192	55571
1	3751
2751	68672
559	45244
446	41197
219	56949
322	47715
243	54686
2	4063
2026	63932
0	0
0	0
264	8469
1708	33623
2216	58593
101	23164
0	2291
1185	22921
23	4232
1056	25857
16	3814
1	553
2062	36134
1850	39322
1815	57133
2645	76095
0	0
988	45559
304	36877
72	9818
199	51142
1293	37743
2872	74975
1199	31840
365	59895
1	204
6	470
1761	72459
1	392
1285	37378
4	283
169	9186
1	74
127	6514
372	11344
84	27299
780	20098
3195	60356
1	183
665	9232
1386	43511
1	2368
1756	43081
846	61383
0	0
26	5701
1	103
14	2849
206	16820
92	28777
3160	62200
2313	35319
1	1724
204	44268
1	1063
1564	41130
2128	79090
2274	40061
1256	34883
1705	56169
167	10913
1633	78368
1	2052
43	8536
240	47562
2036	61413
1542	28024
2486	79269
1	2335
0	0
787	36131
34	6618
366	60829
1	660
213	55717
764	56695
377	30869
427	15634
2189	71983
1	1068
14	6332
0	3055
1770	46147
802	18860
1	114
2160	81326
873	36759
640	55606
1231	44667
2941	71945
49	5621
1	781
13	1922
1957	35380
2603	62294
1440	33255
1089	27627
1998	63955
0	3472
17	3460
318	56627
808	62599
181	51743
737	48096
336	9950
1619	51624
1581	76162
1	3618
45	10807
80	7964
246	50151
113	7714
187	26605
17	3051
1033	23828
1	3127
1173	25814
305	26037
1053	26700
164	51192
168	51795
647	58696
1	376
1876	49992
376	7672
235	11663
2279	73001
1859	66153
897	23020
2540	79368
441	10788
377	55686
1931	79069
1450	45672
1	1451
1	344
0	0
230	18319
426	10820
1	2650
789	20216
1618	59024
91	33761
2	4088
2490	77662
914	28142
2200	54675
0	0
61	6329
263	45732
4	301
1	1900
1	311
240	12022
1088	28202
923	70292
600	67228
1349	32930
553	65188
204	52981
156	6025
1560	35359
2670	79111
3003	57060
222	54125
23	1017
2374	80875
1	4369
1849	62907
1134	42008
350	53658
1934	49671
1	3662
1069	21408
340	9191
1351	38659
663	14829
1	2649
1332	32386
512	43023
464	7350
296	9477
1357	45634
0	0
195	36318
1044	56981
46	12692
698	10054
1123	51184
1576	27450
1	865
463	20727
448	60014
1	1239
1336	33492
2643	78886
2239	59384
320	18607
1	293
14	594
0	0
26	4663
0	0
0	0
2324	43588
1	10
2	5295
1	199
51	17307
295	8294
204	24140
1	229
2045	79083
258	28991
127	9645
1937	64259
922	22181
238	57516
1890	27913
312	15799
271	59168
1	152
98	25836
538	17877
0	0
746	16573
133	27501
2	4769
12	1849
2	2755
251	8304
1	568
271	7774
281	26845
263	51923
1	3
25	5321
2366	77480
1629	43950
2823	77332
2468	65614
210	10353
1	664
498	26863
0	0
0	3233
23	4196
1	921
7	1281
424	24430
1548	25584
574	25310
1	82
0	0
871	67211
2	3727
194	11825
201	52279
2445	44995
176	6682
113	39811
2018	48132
1919	63878
124	45704
3171	61979
0	0
893	55891
1071	25017
197	46259
308	10839
81	25585
1	602
1664	21570
1928	34144
9	1337
1353	47623
281	13242
2942	72505
528	63504
103	7439
937	29717
157	10756
1	4
1	448
1	2405
0	2044
1695	55462
2408	40011
794	27947
123	40171
1917	46161
1	3079
232	36534
2557	58477
588	14173
754	18063
242	32226
1939	35258
2879	57473
1274	54572
1	447
268	60304
717	50658
0	0
355	29786
0	0
223	53447
2412	44741
2	3463
565	48112
1268	27754
183	14492
2867	75409
56	12633
1762	81294
333	45530
1342	51149
2	6275
2	7405
2920	66799
2205	36585
818	45291
2430	77147
1847	78707
158	45797
1	567
27	866
3060	58256
399	48903
1	310
329	13003
1	156
22	5831
214	8266
2863	72320
1052	53732
474	61436
2	2954
1	1392
255	11226
1	168
748	47623
55	18801
551	13846
346	21540
2	4899
0	0
422	12928
972	23870
3110	60676
1	3039
0	0
832	48600
2057	52956
2	4047
282	19873
52	6234
504	29309
1774	41446
29	2486
0	0
130	10278
103	5833
0	0
1220	30348
1307	34803
703	69501
792	51502
2	90
0	0
1868	48781
1120	25000
1127	32826
98	35392
3139	55691
1100	27180
1	6
45	17595
3098	50264
2987	67298
2438	44865
313	14615
0	0
569	36834
1	1156
1098	29615
1717	48403
1	407
1195	16710
3	157
