real	estimada
2205	13480
729	5999
1	115
2	591
169	10129
698	5121
27	1950
633	12671
384	8677
0	0
1	358
2205	12726
6	141
1	895
53	1956
67	5098
0	0
91	2316
319	2982
1016	4435
1	167
2629	13709
65	5227
1108	14960
2288	16793
1478	16284
0	0
647	2769
94	2467
272	2566
28	537
1954	11226
1	81
2	485
183	7745
1	118
160	1868
19	964
64	6639
1067	15498
0	0
0	0
0	0
1	40
18	1198
0	477
0	0
1	252
1	883
53	1054
437	9585
0	0
1017	5325
2	896
371	3037
70	6124
1712	9071
1096	10231
902	13477
2325	16265
2117	11571
29	639
0	0
1	30
580	4306
1917	9130
0	805
140	8488
0	0
174	4868
1648	13669
75	7454
98	7123
74	7579
418	11544
2	568
0	0
2	1274
1	5
62	4973
543	9726
8	1102
15	906
308	2669
0	0
1	149
459	3069
0	659
0	0
11	240
0	0
1	83
1	19
0	0
345	4520
0	0
631	11697
384	10901
1808	10038
156	5970
22	375
1385	10622
154	9262
0	482
439	5928
0	0
92	1892
64	6448
692	11974
0	0
575	12482
1	142
62	1567
250	10347
863	13927
0	61
685	12420
939	6648
170	7002
389	10803
195	5457
0	36
75	7987
1713	15506
812	10913
755	11263
1059	7655
103	2799
530	5167
2600	13930
131	5237
1719	15591
0	44
1	11
174	2094
0	0
1189	11179
154	1701
106	5803
200	5635
761	6098
0	595
123	4115
159	6277
65	6515
1	87
180	7860
952	4651
371	3137
110	9684
0	0
1697	15678
433	10332
344	7336
0	1041
1376	12722
125	7599
24	537
0	1162
0	0
89	8835
32	704
89	9445
2	55
199	10196
1057	5590
2317	14293
254	3534
0	330
118	6497
163	10087
63	1435
65	1543
1	7
983	5077
2	440
0	0
0	0
1301	11696
1	288
2	1441
1	330
1249	10890
49	1179
2312	11593
377	4134
5	1148
1	226
1	33
784	5632
285	7903
1763	11483
945	7728
57	1401
0	0
167	8227
2324	12096
1	71
0	2
1641	10471
0	0
319	2709
5	1082
211	4304
1	36
923	13336
1	478
806	12718
0	356
2	1312
0	0
24	2014
18	1428
2	747
31	605
9	1124
99	9540
0	0
56	2291
503	4344
6	142
36	163
1	160
251	3395
1501	12562
1898	12003
1198	15506
0	133
35	1986
754	4379
1	1
148	1770
867	4847
1103	6155
0	0
2177	11969
37	677
15	900
109	9107
0	90
2	23
77	7728
0	0
102	9830
1	963
0	0
581	11961
7	334
1530	15988
0	441
1259	14498
1745	16208
435	10412
672	12517
1915	11052
1022	15264
140	7365
161	6727
2332	16461
92	2407
981	9187
35	1894
138	6177
369	3018
1	687
130	2929
74	7216
1214	9359
2078	13273
77	8033
200	9890
165	4297
1	18
1387	11455
411	6494
0	0
1903	9764
1	906
318	6056
82	2165
1906	12946
849	11780
1	160
139	3699
1972	13325
0	194
453	2316
199	1925
518	12177
28	3083
36	1974
19	1130
1	465
202	5988
2045	14214
771	3390
2206	10832
1333	10921
124	5024
823	6828
1	308
121	9776
1	119
1535	10697
1498	14589
1	4
49	2770
1756	10110
717	6727
2205	12648
1	39
238	8625
23	1379
541	3914
1398	11732
90	9203
349	7524
1411	7800
458	11870
13	598
1	35
1	765
73	1548
482	10908
16	1259
0	0
0	0
2094	12065
1	82
1285	15463
1221	10555
26	1629
8	1459
1	271
1	2
7	312
19	1007
276	4726
192	10153
1	535
649	11197
211	7195
1663	14837
970	15029
0	0
89	2657
1697	11546
269	9295
580	2996
1046	9023
83	6458
1510	14212
48	1624
0	0
456	11828
70	5641
171	4424
80	6959
498	3780
231	9580
1653	12178
1	114
1751	8276
1690	9119
168	2226
245	2639
0	776
963	7615
208	7104
1185	15876
68	1556
2	31
0	631
111	2133
8	402
157	10074
838	4987
711	5918
46	976
1	613
564	12060
1697	13958
1	127
1	71
1129	10339
1562	13377
0	0
2	55
1693	14147
1135	10103
18	1165
0	128
1	469
1	2
1	196
318	7869
250	5716
1261	12580
139	7764
578	7361
1	100
46	3103
70	6775
849	5906
0	528
1	113
168	4827
2047	16720
1078	15531
510	10669
376	10807
403	4428
618	9631
100	2424
667	4861
70	7132
236	2507
107	1946
1	173
23	1191
20	233
0	0
328	2904
1179	13981
1	376
614	5062
186	6888
0	387
40	175
1416	11665
628	6611
202	6115
1	514
21	1219
0	401
280	2601
109	2840
152	1911
1606	10390
1552	11165
88	1469
5	189
1504	12769
569	11163
0	0
1	81
62	297
484	11006
1386	11548
1032	11818
1	654
708	11625
134	1589
1599	14778
531	5286
0	0
2537	14584
1	71
1302	8236
2005	9543
231	6773
22	1645
487	12017
1440	6719
0	0
0	0
1	9
261	9793
25	2246
1	413
125	8481
231	9399
225	1198
1664	13263
1546	8663
474	11677
591	12387
262	8275
1	225
0	0
187	1956
1	349
2186	11949
1460	12277
1	1104
0	0
22	1534
110	3228
0	0
92	2500
0	378
550	5161
1	78
0	0
2	760
340	4257
181	8074
1	1060
1308	15173
0	947
