real	estimada
152	1863
480	3991
11	138
1	0
0	0
0	53
829	5010
1136	2733
0	76
2	8
398	1324
97	620
107	2376
1	18
111	996
3	7
888	3113
1255	4071
490	2258
9	67
203	1067
783	1883
13	121
22	127
2264	6928
3	21
230	1901
2	207
17	261
896	5273
198	2839
0	0
208	725
726	4849
78	545
71	432
1	22
0	0
1	1
55	1600
677	1984
1	269
1	136
239	2102
979	3363
1	18
166	2770
0	0
1	36
2102	5723
17	302
1	104
50	1308
270	2243
63	333
7	90
24	352
1485	3624
388	1499
578	4294
1848	5679
483	3796
474	1127
572	4254
117	2157
1411	5188
1660	5991
438	1347
2	4
0	0
11	164
0	93
290	964
1141	5647
33	935
0	53
1	13
1	157
915	4840
155	3008
27	831
91	2459
4	18
441	3881
1	59
1137	3155
190	3097
697	1605
0	0
1072	3209
0	200
0	0
265	868
1694	4947
2	102
0	0
0	0
0	5
0	0
60	576
1656	4633
0	25
1489	5609
1171	5107
588	1602
688	2046
1237	3987
1057	5446
7	36
0	0
872	2603
0	31
649	4016
470	3217
556	2163
15	226
33	141
1043	5424
0	0
0	78
66	1775
1	23
242	3025
1254	5693
2077	5640
1073	4742
1238	4168
614	1450
1	28
590	4353
1710	6697
1891	7030
0	49
1256	4729
561	1686
1	14
273	2449
1233	4285
563	1746
2	264
381	1619
1	46
841	5042
0	254
2115	7238
0	0
463	1508
362	3376
23	333
1	33
1100	5312
1	16
304	3361
834	5114
875	3071
28	628
2275	5864
0	0
1533	5451
1600	4463
1	85
123	2557
1850	6179
35	967
33	846
79	397
185	1372
347	1670
0	0
1298	3744
516	3792
1	45
837	4578
520	1380
10	142
10	156
53	447
860	4277
1012	5667
637	3857
1291	5618
154	1525
19	337
1651	6888
1	136
1280	3630
181	3023
2	192
139	3008
228	899
0	1
156	3017
80	2045
220	3176
119	2524
188	3098
1	26
2206	5904
4	54
1429	6100
335	862
13	179
1542	5628
177	1091
26	194
165	2875
281	2706
199	1947
135	1801
1	98
48	404
1	19
120	585
139	1189
103	2689
0	9
6	61
920	2945
1778	5676
169	3018
2164	7206
73	2166
1180	3717
74	2231
0	0
0	0
24	407
0	0
10	150
231	2542
65	507
475	3451
0	0
1085	3338
12	171
55	1565
978	2851
101	859
401	3676
2	18
1053	5778
1127	3954
646	4604
1688	6438
242	2044
0	0
1588	4716
478	3999
564	1779
0	164
7	107
143	1083
118	2687
99	1005
145	2859
275	3257
14	272
189	2459
265	2401
1	42
11	157
49	105
4	18
2289	7337
174	2233
634	1686
152	1415
628	4490
681	4694
1167	3746
0	0
0	0
1	21
1806	6588
43	368
1	39
119	2696
1104	5236
1	159
60	378
995	3781
1	96
1	1
0	0
206	1065
496	1512
101	619
1323	4964
0	0
22	285
105	1168
133	2640
1271	6139
1	107
261	2806
114	1949
0	0
137	2947
1742	4929
0	0
57	448
1634	5910
2304	7377
160	1702
9	86
149	2823
1	45
59	477
9	117
601	3394
335	3370
29	786
2332	7318
286	2141
593	3767
19	85
118	1423
1727	6587
872	3192
1	73
0	0
574	4325
124	1718
1421	4979
1714	5176
170	3056
1228	4903
2504	6509
50	314
1	93
170	3036
1	85
0	198
982	2979
90	2666
163	1636
825	2999
96	2572
24	614
250	2785
0	18
1	89
542	1725
1069	3876
209	2926
212	2381
0	0
0	0
1442	5987
635	3302
22	671
789	4486
900	4118
335	3516
1400	6480
0	41
0	0
78	2313
168	2059
133	2542
685	2974
1	130
354	3405
53	1278
112	505
40	306
0	0
1790	4393
199	958
906	2475
217	3163
907	2714
518	2454
1	54
8	114
361	2881
87	820
0	99
122	448
172	3039
32	290
837	5098
0	75
1417	6048
253	572
14	232
771	1871
6	41
0	0
1	13
56	388
0	0
0	0
817	4651
144	2790
0	0
480	3076
23	263
86	2466
87	1784
790	2627
1047	3702
141	791
896	5294
1468	5098
697	2077
30	348
1121	5850
52	438
289	1349
352	3616
1552	5645
0	0
1939	4844
1067	3837
86	497
461	3868
544	1284
743	2216
0	98
1311	6175
1469	6037
34	995
54	434
1235	4897
3	25
1	13
128	1013
14	279
343	1062
1343	5073
1	7
149	2982
1	97
1636	5922
118	579
1	295
2064	5351
1976	5430
0	0
1425	6057
15	296
1632	6496
185	2666
6	55
67	1611
704	1632
782	2744
1470	5470
1	35
13	83
1	3
196	1001
0	0
1	134
1	129
81	2277
1684	6528
59	1845
10	65
598	1578
1	0
93	2704
1	65
31	557
52	428
0	22
261	3280
168	1507
1	2
138	1412
401	1997
64	1681
4	54
253	1684
1772	5110
1	147
2159	5991
1	97
1	29
29	567
2536	7179
130	2484
985	3266
1	20
2114	5733
1679	6424
157	3003
1	1
175	933
0	0
186	627
1144	4271
145	628
903	5030
319	3252
265	1676
107	559
1021	5651
161	2319
