real	estimada
0	277
9	2556
0	767
408	7782
0	0
0	0
259	9206
13	1490
67	6598
126	9057
124	7709
0	0
2	2504
0	0
20	6412
76	824
129	6250
0	185
0	249
107	8257
0	0
0	179
11	2373
149	1654
0	0
0	0
142	7548
77	6251
106	7407
220	9108
0	0
208	9209
84	6383
1	109
70	3235
0	0
118	8949
0	249
7	487
27	7323
0	0
2	2504
1	186
12	759
0	56
0	0
17	7183
141	9099
42	5982
0	0
17	5743
0	99
18	5427
0	250
0	0
136	4749
408	5660
0	124
381	7364
1	186
0	0
0	0
0	141
0	470
52	6055
0	2500
18	5301
13	5877
23	402
21	6760
108	8808
0	0
0	0
341	4789
26	5725
571	8095
115	7225
381	7622
72	1040
0	0
0	0
340	4692
0	0
0	1965
0	0
31	7889
345	5846
0	1304
16	5711
187	6410
0	0
125	5119
0	0
0	486
14	999
0	0
0	0
19	5828
53	6039
42	6493
35	5615
0	0
0	0
366	7540
0	250
0	0
94	9198
546	9425
157	8495
16	2449
0	0
3	2519
97	8893
0	0
0	0
459	8104
2	2503
18	5465
0	0
15	5975
0	0
0	0
36	5787
83	1009
25	7323
0	0
0	0
0	157
32	5358
113	6433
0	820
118	8392
0	0
77	6534
0	1221
79	6212
74	956
0	0
371	6788
0	0
81	2084
8	1196
1	87
31	1991
0	0
212	8371
0	0
16	5726
14	6154
0	0
45	5819
209	4395
341	8370
31	3909
0	0
260	9660
7	1337
0	0
14	6346
0	0
1	160
0	0
298	5355
162	8937
0	960
58	2563
22	604
428	5646
227	9354
0	172
0	250
11	226
30	5890
62	6500
0	17
350	7484
38	3838
22	7541
59	3463
55	6008
357	4900
0	0
58	6047
0	0
25	5299
0	0
0	2119
0	0
0	0
202	7182
283	6267
370	9817
2	229
351	5692
0	0
241	7052
10	769
21	2266
0	0
2	490
0	250
0	2499
0	0
104	4478
74	2899
19	7634
19	3816
29	6287
0	996
481	8198
30	1226
1	303
0	0
28	8028
29	6068
0	0
23	5470
11	2648
104	8131
8	1181
383	9739
0	0
79	1003
18	776
0	2500
0	1954
1	898
82	6401
2	772
153	6893
446	7797
99	7596
1	250
54	5776
0	2412
44	5798
2	535
0	0
1	76
17	5277
0	0
57	6414
0	0
20	124
0	0
85	6640
6	823
0	249
0	0
0	0
0	0
164	7756
0	0
0	0
32	5684
0	249
0	250
4	2075
43	5881
0	0
150	2067
8	603
0	0
44	4792
11	835
363	7935
0	0
0	0
1	132
0	0
104	6020
0	249
1	202
0	0
2	314
0	0
33	5613
0	0
318	8828
0	0
4	48
11	5781
4	606
324	5401
1	2358
0	2178
67	6495
201	5073
0	0
0	0
0	0
32	1811
146	9094
57	6076
0	0
17	5206
19	7683
5	535
0	0
105	8819
124	8912
0	0
23	7470
0	0
218	7313
29	5788
103	8172
127	1818
0	0
0	0
0	0
5	109
0	0
189	7182
0	0
0	1384
0	0
0	0
77	2256
0	196
0	0
0	0
260	9583
125	8078
0	0
275	6124
9	1070
1	300
145	6974
33	3168
247	3009
0	0
17	7214
17	3689
0	0
12	5142
74	6258
0	0
12	4449
355	8730
75	3204
0	140
0	0
1	2505
0	0
1	228
12	1725
158	8960
0	414
9	5788
16	5331
79	6240
0	495
0	0
31	4187
0	0
0	0
3	3878
4	806
25	1411
0	0
123	6733
0	0
168	6223
0	0
0	0
0	888
101	7523
359	5044
57	2872
279	7213
0	0
5	166
22	6002
0	179
0	0
0	0
28	6810
1	44
2	195
1	679
0	816
263	8236
0	0
136	8969
0	0
0	0
0	0
0	0
0	0
170	9596
0	0
322	5253
0	438
0	0
0	0
37	5338
37	468
21	4523
44	5929
0	0
96	1040
29	7303
0	0
0	0
12	5731
481	8500
0	0
24	6681
89	8659
0	0
112	8569
0	0
227	9593
0	1404
16	3155
4	4304
1	114
258	3767
98	8841
8	2838
14	5961
0	0
131	8984
0	0
0	0
16	5073
0	0
49	2088
0	1367
0	0
9	1017
0	0
162	9245
339	7803
0	0
0	0
0	0
16	4794
0	0
0	0
49	5860
0	0
114	8647
140	6857
197	4031
502	7180
1	113
25	5289
21	2797
13	2557
0	155
0	1956
0	0
252	4829
24	5470
26	3819
3	3813
173	9225
1	7
0	0
178	6502
15	6036
331	9531
40	3984
171	4750
23	6905
0	0
106	6411
17	3802
47	6372
87	6762
20	4203
12	5113
17	6138
1	6
139	5373
0	0
0	0
217	6831
0	0
0	0
235	8725
0	0
287	6942
0	0
0	1484
0	0
0	0
96	1273
489	7894
43	5753
0	0
15	6211
12	5255
0	0
340	9045
0	0
0	0
38	5988
