real	estimada
2057	6984
2457	8561
64	378
1835	6572
3480	15112
3950	14862
1023	9131
2711	9232
8	110
371	3132
2104	9201
692	2075
316	1630
2784	9214
1580	5411
1	171
2	34
1	261
1	8
2815	14020
358	1375
0	0
419	4211
1	38
2388	8328
3483	14378
1078	3785
785	2380
0	0
1022	7956
3638	12766
1519	7745
812	5410
387	1330
0	0
2248	13039
1	102
24	503
2796	10850
3814	14182
444	2253
3961	14937
244	859
938	4425
303	3696
1542	11265
517	1555
55	1455
10	312
347	1339
730	2668
359	1357
1	0
987	7754
1060	4804
51	330
3665	13711
3208	14152
420	2957
1	223
3333	12067
1	116
0	0
488	6488
0	0
372	6701
45	1024
1	251
1420	5680
1467	5431
855	2850
2740	9788
15	300
0	0
2480	10418
2421	7813
2102	9309
3234	14866
2200	10578
1	265
5	86
1460	5431
867	2757
18	348
2602	9605
2281	13078
1	61
2339	9868
596	1901
3929	15606
22	497
25	310
1188	6618
152	1948
2294	8631
278	5868
144	3853
82	1883
447	4681
63	548
0	0
335	3725
4	266
627	7919
1038	3445
584	2185
3418	11348
144	4023
2158	7270
348	2252
1978	11007
2152	12998
1297	10063
1421	10553
90	2087
2493	8463
1451	4987
1003	3233
45	1004
0	0
600	4132
1	81
0	0
2159	12934
298	3105
578	7136
1569	11384
2	302
182	763
1	203
0	0
392	1200
737	6979
1486	9289
3482	11914
196	3022
1	231
1829	8858
157	3750
1	155
3335	10971
84	479
450	2517
1460	9050
1	29
189	3571
0	0
1	9
2193	10245
9	98
2320	9743
1413	5102
3567	12167
1	72
0	0
1125	3587
0	0
1	51
3715	13203
238	933
1	6
5	226
633	1975
1843	6168
0	0
2869	12931
5	67
251	1237
215	4988
45	950
0	0
573	7363
2170	7483
49	1220
130	1770
1	35
1	185
2	453
237	5342
584	1931
0	0
1	55
2	356
0	0
176	2240
233	861
0	0
2027	12241
581	5585
2344	11023
1790	7796
357	2617
1	26
3140	10110
0	0
1851	6732
2	288
222	2666
236	3499
1516	5154
1962	8515
1	1
3920	14563
1727	6695
60	636
1495	5701
1	3
3	11
1124	8932
1	27
1313	5895
2786	13012
780	6775
1094	9644
22	526
1	6
1337	6491
226	2542
1	22
1872	11798
1	123
2	203
174	669
1036	3617
810	2714
2431	11002
988	6874
1880	7973
506	4518
2	352
1747	7284
2	40
483	5114
342	1340
0	0
3997	15497
871	2690
1	116
1531	6979
978	3326
24	356
1924	9580
0	2
150	3237
0	0
3404	14035
342	2139
331	4755
35	611
0	0
147	689
872	7797
3686	13818
70	1256
0	0
1370	4973
585	2013
2681	10656
1080	6517
9	147
2310	9704
2527	9017
1670	9299
1074	3585
698	8294
7	55
457	2323
2	42
2	271
509	1547
110	797
1803	6301
2450	12020
1474	5514
2	151
2164	10436
410	6031
3137	11073
204	818
0	0
1319	4335
292	1066
439	5430
32	550
1	62
2164	9564
587	1789
1	165
2291	10563
2437	10958
3	16
1	370
2137	9340
2457	11589
1627	5366
2496	12626
3429	12146
1194	4109
2	8
2576	12716
0	0
2	180
611	6066
243	944
990	7631
1591	8684
2	8
52	447
0	0
3555	12832
714	6293
418	2233
327	1118
2269	12996
613	5584
743	2569
1424	5569
1	46
461	4350
3632	13469
179	4696
3568	13081
1383	4481
1	2
370	6051
1564	8429
1	14
1	19
1	279
2699	10036
0	0
1495	10543
3684	13316
713	5107
1	77
0	0
2240	11358
5	31
3496	13604
1	108
989	3289
805	2688
649	2285
1700	7855
2	266
115	697
0	1
2	7
771	8258
1029	3552
986	6661
133	3696
1638	8369
1303	4757
1521	6676
1831	7945
7	297
717	2344
3788	14000
0	213
2	310
964	9265
2253	9487
359	2649
1	112
93	493
1	100
2	197
411	6840
1599	8875
826	8755
24	343
1008	8991
335	4320
160	701
251	4891
1386	4514
536	6047
2222	9606
462	7171
11	183
1219	4215
1049	3429
1	121
1	25
3721	12871
1765	6217
1	112
1297	4197
2755	12349
477	6559
0	0
22	237
936	8475
3676	13320
1	135
515	7302
1	87
2	154
1	9
1	96
1	44
48	1088
561	4849
2	206
5	32
3557	12223
33	321
38	813
2232	11242
858	5656
3650	12731
1882	6681
2	413
2	424
430	2858
2483	11406
610	6602
1724	11918
3547	13380
1068	8877
834	8610
19	375
2299	11215
1	118
1	74
960	6249
174	602
572	3618
2316	11851
717	6440
117	3135
821	5447
3461	15098
1408	5602
716	4060
1	233
1114	8538
1910	9436
390	1392
949	4896
2	334
2	114
1087	8061
3703	14027
698	3042
2	289
8	116
56	445
1315	10585
1372	7821
1227	7769
1782	8353
1920	8202
1450	5062
1430	5068
287	5935
0	0
1035	7091
266	2815
1	102
212	1608
15	236
1098	3902
1	35
0	0
1591	7252
857	7549
1	205
383	6743
340	4763
1914	6940
3119	11775
503	7254
1378	4681
915	6830
189	3252
2219	11161
1173	4111
2456	8558
1	65
1413	10914
1000	3293
262	5612
3455	11942
482	6900
806	2656
0	0
809	2555
2149	10506
2	140
2147	7221
2129	10278
3024	10168
2010	7234
1990	9944
1019	7153
1	32
5	34
2675	10032
