real	estimada
1	2129
707	43499
1	142
1	1287
1	153
0	0
110	7895
2	1024
1	6047
1605	35516
1	7927
10	4234
2328	87731
0	6061
11	4902
1502	59321
75	13498
0	6827
26	12526
1317	46486
3	325
66	45483
634	88136
539	27662
173	8237
191	75030
1168	62973
1410	33275
290	19359
945	31302
1999	82839
775	95050
1086	92141
0	1967
704	48334
416	24105
147	28724
51	36114
101	62321
10	3176
1	4952
1744	101627
1	346
340	29178
1443	62924
0	0
1626	96330
11	3757
1470	77969
7	2931
619	21727
247	14058
1	76
1	2964
1	2697
74	48587
79	63858
3	319
0	0
1189	59033
121	78138
416	67500
1	490
1426	85419
1788	47861
0	0
113	74163
24	2926
1	803
378	59544
1361	68691
174	26439
95	54794
0	0
1487	76873
18	8971
44	33590
677	13131
541	12163
0	0
92	9769
0	1713
0	0
1290	87270
0	0
335	79856
313	40793
452	74926
2076	58305
733	23361
656	13255
71	57451
26	13484
1272	63791
832	45437
73	10869
913	99316
255	30776
542	50742
263	16956
726	18195
1	66
0	8580
815	44811
1348	97876
1498	38550
773	87301
28	10267
188	75887
1	327
7	9341
626	35975
1	651
1876	84595
1274	81425
715	30424
770	72406
580	75703
0	0
1165	56776
1873	93126
0	4053
19	13508
364	16491
1	13
1	532
318	75409
355	19084
705	52892
2597	68174
0	0
442	85359
688	34640
2	4682
1134	61520
1758	52369
0	0
1	3384
2571	64101
614	27410
70	51252
489	75871
644	89791
0	0
2	341
2	383
137	30810
1	5713
0	0
1078	60061
33	15021
70	2566
301	17935
1	4999
713	36811
0	7832
2	808
95	48932
190	34735
1395	73785
388	24428
1	5206
117	46222
193	3417
40	6663
727	34180
185	55366
1	174
34	4559
64	39701
1	678
1195	48825
1	2531
4	293
854	47627
767	37538
549	88088
267	65687
1	182
2	441
153	11939
395	54091
1344	95612
207	77900
921	40393
530	79744
1743	45096
1	868
1	996
584	89856
1509	38875
0	0
864	18402
373	80064
1	1250
2255	56626
68	10539
790	90687
177	73137
0	1
172	40631
1520	80368
577	89103
1142	46518
1712	42841
0	0
135	79907
7	8361
557	15440
150	76331
2	6110
89	15523
2495	73316
85	67599
1	626
0	0
1058	97054
90	22521
0	0
85	14319
1	100
1176	41466
2237	62942
0	0
1258	40874
478	11995
523	24373
1	4013
0	0
0	5898
87	71536
289	74184
77	62376
9	3464
1350	80784
143	78370
191	62890
1205	59676
1387	97761
265	25379
915	37560
2	11586
223	23390
485	22770
987	52593
228	23081
51	29250
1030	63000
808	87385
289	15554
0	384
485	13317
409	20699
986	56367
1	883
100	76748
0	0
13	3093
13	9914
547	85574
9	3001
122	77804
1099	49590
1	3185
6	461
1762	51902
1	124
554	41132
17	7837
1481	86657
86	71623
0	3834
308	5815
993	51436
1	524
1	4068
1	4
21	9535
662	51319
1	5769
317	18917
538	11940
35	17251
364	81462
1	2762
1	310
9	3332
2347	71700
1	1061
449	37406
329	65311
1	1014
197	32710
0	0
17	7512
1771	58042
48	7982
916	73484
113	77673
1	2844
271	34843
0	0
902	28392
178	76032
323	62392
233	77605
36	5862
786	35346
1	226
843	96375
0	0
904	48213
7	2186
1	1412
88	12270
2	46
203	21550
1	388
1	172
378	24527
0	0
1	633
109	72843
1871	78185
148	29978
0	0
254	18995
0	0
260	77408
40	31640
1781	85533
0	0
33	25431
7	2396
1	218
121	63729
1	358
1040	22675
0	0
1416	55239
0	0
171	68660
119	58378
861	96863
279	78656
306	72617
1	471
0	4354
1	2669
1	3264
409	7647
1673	107139
245	15430
0	0
21	12742
44	33741
1	4099
1842	51788
1	3159
1544	57089
15	6860
1	2179
129	52197
2	265
45	28007
1	3603
0	8845
1850	49101
4	1020
0	2929
1	635
435	83579
172	73080
889	31033
2082	82940
285	45142
103	19823
1	179
0	0
7	2405
0	0
270	19492
1871	58220
4	9173
69	55754
111	26982
429	26868
1789	44022
1999	54456
94	58067
183	78231
1379	96990
0	10447
864	82043
582	83666
1517	57081
1480	89334
1	1035
710	77169
1634	86436
0	0
1811	53330
419	32795
4	178
208	16226
0	0
1	2713
215	46031
3	5915
1940	49888
2	943
2	276
1507	57141
2	8579
719	32936
984	36997
932	99086
629	26536
532	52863
4	433
3	2971
0	1194
118	23194
88	65156
178	75728
999	53131
2	348
258	24627
169	49202
4	671
2	6680
86	18226
820	51164
972	101031
911	91634
1828	41962
975	97843
773	94360
966	48344
25	11109
13	4590
1038	91780
1	357
0	0
38	10003
0	6214
0	0
1	8857
221	16493
205	75399
252	23109
798	26114
72	7404
1	2460
0	0
45	11739
1	7323
258	60105
289	66233
1	7733
1167	86638
520	21681
1	2240
2	6783
2	168
171	47555
0	0
0	0
93	69226
18	9776
1016	77435
1305	93418
2	4375
17	2342
399	47906
4	900
1552	75997
22	12839
7	2162
1259	29103
22	11088
0	0
1	5371
0	0
43	15649
0	0
1338	29176
388	65181
137	13238
1310	48162
72	60320
229	49100
1	4445
12	4009
83	51128
71	11045
0	254
352	76820
968	43604
2310	60165
