real	estimada
1159	19677
1949	25913
0	0
458	33332
528	47801
1	17
1	23
0	0
3	2076
2747	49132
403	42395
1	1678
1	1728
0	0
2598	41256
161	13798
1501	21986
580	8148
5	194
1	2669
18	2532
254	26093
0	0
705	11122
604	37933
1	87
1	2374
503	9074
15	2721
272	17466
2	2970
1317	25288
1759	31923
1	242
381	16649
199	19403
2353	35478
2086	50038
2618	55003
2108	51513
3190	47068
3450	57464
1	530
1673	36808
2	1304
129	9157
11	1101
80	5912
3388	72010
530	9896
64	11762
1084	25888
9	995
2117	54802
1219	53880
1508	33941
388	14299
1072	17238
350	6180
0	0
0	0
2637	40172
4	150
1	180
681	30512
3063	71309
267	10146
1	207
826	13917
1	668
3540	63086
2	236
1025	35774
19	2849
2897	61261
1794	36840
883	14403
0	0
379	37333
2071	40486
12	714
8	2685
765	12154
2493	67455
240	4799
2791	68159
558	18503
1083	54909
1	1280
2522	64702
0	0
2	1977
564	46594
2345	35224
2003	52717
1847	37688
1807	58395
37	4741
1	650
253	15023
986	14656
1367	39725
2676	68355
1159	16942
1	1475
14	2571
468	45152
3785	59261
2020	31118
3846	60786
3627	50983
1461	25780
9	850
3264	69514
1169	24344
1481	47589
2691	54532
2231	53769
3583	55205
1913	34062
3309	70972
1242	60644
427	6490
1	439
326	6074
2238	32594
183	19336
1990	43148
0	0
509	7251
0	0
96	6046
9	701
1014	43458
12	1236
1	1407
3152	53088
1	1074
901	14574
2	3038
2675	29981
1573	31639
207	4708
516	48348
42	6349
726	13050
201	4741
12	1047
137	17782
3856	61064
1426	24567
0	0
1777	36954
1	1252
1	7
458	8798
41	4947
234	33382
3150	45759
499	44300
0	0
255	17231
2	1753
0	0
2817	40244
2322	53642
5	724
2608	39558
3674	50088
2575	64196
1	918
1	738
0	0
3422	44514
424	43165
1247	18263
40	5308
73	3094
1796	37458
2407	36791
2596	41269
3544	58850
973	57203
830	43945
1390	27820
1	139
1	307
1876	62858
2	2095
1	238
3473	60571
1	839
65	12373
772	10804
22	2393
0	0
2	34
853	47644
3533	66327
0	0
0	0
179	9225
7	2383
913	44568
185	7399
42	4149
1	1825
2	90
2920	61367
1754	36262
1627	46608
3644	63141
994	48681
937	16537
182	5086
84	4252
3533	47303
2835	43453
1	827
719	12170
2786	43805
1071	50774
477	10097
5	290
1	738
3299	39897
13	1019
1454	48567
2	226
2222	64688
16	2452
13	1312
1	610
97	10446
2	162
3427	49095
974	55730
1	507
2979	46337
158	4143
2176	51906
719	53008
779	54252
215	35715
3994	67947
1	81
2249	29700
1	2003
0	0
1	1711
1	1504
3350	50921
11	2313
1	80
1	787
1	1054
1	143
1966	29819
1647	36072
0	0
317	5314
0	0
1405	25663
464	36757
0	0
2330	57750
167	29246
1131	22148
1928	44901
2477	58889
2078	68622
3696	58796
3509	45441
7	510
1079	15586
500	8963
1160	18715
3384	65840
999	57745
462	11876
3583	49386
1060	58160
269	6920
1315	38109
1028	50666
1619	30891
1	1205
824	12686
2733	49958
80	8030
3408	50037
9	833
121	4856
60	7661
74	8813
1696	34643
2	1446
1	821
3331	40053
243	4523
2111	46307
946	56529
0	0
2	2121
2499	37959
2319	45009
17	1816
76	7815
1450	25227
1	49
3787	69976
3896	62460
1	1005
146	5948
1029	26031
2	75
1817	49241
747	21529
2713	62981
2994	63154
3574	49141
1370	23004
0	0
1152	32409
3063	36787
95	4647
1	17
939	36838
15	1609
6	2283
771	16704
128	3926
1	1443
3655	56926
9	1182
15	1791
1	1637
15	1727
353	25980
1381	27200
291	5780
3351	40921
603	49897
1424	57885
10	1044
5	337
1593	24513
1474	26537
3573	48953
1	415
1	1621
1	1187
3722	53042
1070	16641
432	7339
661	43580
1538	38140
1805	36862
36	4765
1	1208
723	10212
2616	65163
3527	47330
1	743
334	34803
1236	16051
361	7342
81	3700
1663	39156
820	11409
0	0
200	4784
1924	41390
566	9354
884	27705
2354	42290
1	1234
3008	55373
1916	41039
172	28092
308	32517
0	0
0	0
1005	57770
9	611
317	5493
1	1911
1304	54210
1316	19566
1323	60782
1880	28898
1354	28725
1	1184
1	1018
2317	27367
363	36640
1	2253
1055	20468
475	18908
572	47970
1	1642
1475	29642
117	8179
870	55152
530	8793
850	12935
2499	38333
721	52443
3753	56130
1	350
2438	33439
134	7881
1	1052
3681	56971
887	12892
1283	21894
3939	66858
83	13178
1478	38123
32	3731
2341	26734
3689	56272
1280	50269
1264	22391
1452	26030
248	11422
0	0
2096	45588
1	624
807	14841
2152	38146
2489	35702
2173	33168
23	2425
3667	51242
0	0
5	223
463	44112
1221	25366
1	24
1247	60923
1	557
1851	55490
2530	60719
46	2700
1	1007
2959	43949
181	14045
3638	54486
1282	28426
2943	42712
3294	52942
247	37805
1466	26204
738	36529
1471	25629
264	34332
1478	63614
869	55675
558	10796
849	38371
2	4400
844	13654
6	331
414	24297
1971	40025
331	6180
1	1918
1285	19742
1	27
1	350
3417	42567
866	13689
66	5138
1988	35207
2860	56346
1174	19285
760	12690
2293	28257
467	17928
58	2076
570	45509
155	13470
8	725
230	22998
1	1277
602	9608
605	49311
1	940
3505	47216
1	802
2460	63347
3230	59495
1	1101
2405	62147
0	0
971	33806
2072	46560
11	1079
1692	41489
